Time	Left_Hand_y_baseline X
0.000000	-0.03080571	
0.020000	-0.02300525	
0.040000	-0.00785464	
0.060000	0.01220614	
0.080000	0.02981609	
0.100000	0.03821355	
0.120000	0.03568786	
0.140000	0.01884472	
0.160000	-0.00298882	
0.180000	-0.02018744	
0.200000	-0.02576005	
0.220000	-0.02219266	
0.240000	-0.01079232	
0.260000	0.00777692	
0.280000	0.02549279	
0.300000	0.03457361	
0.320000	0.03115737	
0.340000	0.01293194	
0.360000	-0.00750005	
0.380000	-0.02265024	
0.400000	-0.02561277	
0.420000	-0.01845872	
0.440000	-0.00381815	
0.460000	0.01515102	
0.480000	0.02706146	
0.500000	0.02904356	
0.520000	0.01822579	
0.540000	-0.00118268	
0.560000	-0.01814038	
0.580000	-0.02598196	
0.600000	-0.02492857	
0.620000	-0.01595688	
0.640000	-0.00048029	
0.660000	0.02082455	
0.680000	0.03493667	
0.700000	0.03957933	
0.720000	0.03106356	
0.740000	0.00874293	
0.760000	-0.01156253	
0.780000	-0.02479076	
0.800000	-0.02490216	
0.820000	-0.01811028	
0.840000	-0.00307089	
0.860000	0.01740551	
0.880000	0.03118032	
0.900000	0.03388339	
0.920000	0.02343845	
0.940000	0.00212801	
0.960000	-0.01858461	
0.980000	-0.02893567	
1.000000	-0.02564472	
1.020000	-0.01136184	
1.040000	0.00718200	
1.060000	0.02721614	
1.080000	0.03866947	
1.100000	0.04099238	
1.120000	0.03097373	
1.140000	0.00779462	
1.160000	-0.01302302	
1.180000	-0.02571231	
1.200000	-0.02547377	
1.220000	-0.01761156	
1.240000	-0.00172007	
1.260000	0.02007604	
1.280000	0.03478438	
1.300000	0.03900427	
1.320000	0.03044593	
1.340000	0.00829226	
1.360000	-0.01155144	
1.380000	-0.02440757	
1.400000	-0.02433312	
1.420000	-0.01622528	
1.440000	-0.00169086	
1.460000	0.01740468	
1.480000	0.02852350	
1.500000	0.03058392	
1.520000	0.02048063	
1.540000	0.00028014	
1.560000	-0.01901686	
1.580000	-0.02883327	
1.600000	-0.02831244	
1.620000	-0.01942062	
1.640000	-0.00449365	
1.660000	0.01605958	
1.680000	0.03178132	
1.700000	0.03794336	
1.720000	0.03258669	
1.740000	0.01401389	
1.760000	-0.00755316	
1.780000	-0.02335209	
1.800000	-0.02786255	
1.820000	-0.02272290	
1.840000	-0.00972301	
1.860000	0.00989050	
1.880000	0.02757579	
1.900000	0.03726363	
1.920000	0.03576565	
1.940000	0.02090538	
1.960000	-0.00192130	
1.980000	-0.02008677	
2.000000	-0.02798581	
2.020000	-0.02412206	
2.040000	-0.01249677	
2.060000	0.00595766	
2.080000	0.02207154	
2.100000	0.02929032	
2.120000	0.02406216	
2.140000	0.00505000	
2.160000	-0.01314443	
2.180000	-0.02567488	
2.200000	-0.02580643	
2.220000	-0.02032161	
2.240000	-0.00787210	
2.260000	0.01086622	
2.280000	0.02828705	
2.300000	0.03925663	
2.320000	0.04037172	
2.340000	0.02675050	
2.360000	0.00328511	
2.380000	-0.01691222	
2.400000	-0.02648282	
2.420000	-0.02377480	
2.440000	-0.01354438	
2.460000	0.00434071	
2.480000	0.02236652	
2.500000	0.03369963	
2.520000	0.03412116	
2.540000	0.02138811	
2.560000	-0.00005525	
2.580000	-0.01850486	
2.600000	-0.02693480	
2.620000	-0.02386105	
2.640000	-0.01277000	
2.660000	0.00664401	
2.680000	0.02669263	
2.700000	0.04040080	
2.720000	0.04133081	
2.740000	0.02614570	
2.760000	0.00196654	
2.780000	-0.01830339	
2.800000	-0.02646732	
2.820000	-0.02248549	
2.840000	-0.00926512	
2.860000	0.01265901	
2.880000	0.03364694	
2.900000	0.04455209	
2.920000	0.04123116	
2.940000	0.02283776	
2.960000	-0.00164825	
2.980000	-0.02067745	
3.000000	-0.02796268	
3.020000	-0.02197176	
3.040000	-0.00650114	
3.060000	0.01605457	
3.080000	0.03595835	
3.100000	0.04529476	
3.120000	0.04042441	
3.140000	0.01941764	
3.160000	-0.00520086	
3.180000	-0.02273595	
3.200000	-0.02568692	
3.220000	-0.01410395	
3.240000	0.00674498	
3.260000	0.03272241	
3.280000	0.04896510	
3.300000	0.05194038	
3.320000	0.03826559	
3.340000	0.01078391	
3.360000	-0.01270860	
3.380000	-0.02563053	
3.400000	-0.02334064	
3.420000	-0.01371127	
3.440000	0.00339401	
3.460000	0.02467346	
3.480000	0.03929675	
3.500000	0.04350221	
3.520000	0.03436148	
3.540000	0.01107442	
3.560000	-0.01056308	
3.580000	-0.02417082	
3.600000	-0.02451336	
3.620000	-0.01843876	
3.640000	-0.00432152	
3.660000	0.01564771	
3.680000	0.03198707	
3.700000	0.03863043	
3.720000	0.03419483	
3.740000	0.01515079	
3.760000	-0.00669485	
3.780000	-0.02350765	
3.800000	-0.02747333	
3.820000	-0.02191037	
3.840000	-0.00795352	
3.860000	0.01287520	
3.880000	0.03107858	
3.900000	0.04061157	
3.920000	0.03650719	
3.940000	0.01578122	
3.960000	-0.00752902	
3.980000	-0.02458256	
4.000000	-0.02776003	
4.020000	-0.02534509	
4.040000	-0.01568121	
4.060000	0.00114822	
4.080000	0.01918185	
4.100000	0.03097755	
4.120000	0.03239799	
4.140000	0.02066535	
4.160000	-0.00157529	
4.180000	-0.02020627	
4.200000	-0.02937967	
4.220000	-0.02298880	
4.240000	-0.00655299	
4.260000	0.01763326	
4.280000	0.03781295	
4.300000	0.04485077	
4.320000	0.03564870	
4.340000	0.00943875	
4.360000	-0.01428461	
4.380000	-0.02922243	
4.400000	-0.02884322	
4.420000	-0.02207667	
4.440000	-0.00711173	
4.460000	0.01513666	
4.480000	0.03519994	
4.500000	0.04646254	
4.520000	0.04509825	
4.540000	0.02667117	
4.560000	0.00062889	
4.580000	-0.02013421	
4.600000	-0.02775854	
4.620000	-0.02067661	
4.640000	-0.00406581	
4.660000	0.01859498	
4.680000	0.03576469	
4.700000	0.04034376	
4.720000	0.02927673	
4.740000	0.00504839	
4.760000	-0.01869112	
4.780000	-0.03034478	
4.800000	-0.02802426	
4.820000	-0.01603395	
4.840000	0.00041026	
4.860000	0.02037543	
4.880000	0.03344047	
4.900000	0.03637594	
4.920000	0.02387363	
4.940000	0.00168896	
4.960000	-0.01741457	
4.980000	-0.02612585	
5.000000	-0.02187991	
5.020000	-0.00847495	
5.040000	0.01038867	
5.060000	0.02782065	
5.080000	0.03485370	
5.100000	0.02717799	
5.120000	0.00547791	
5.140000	-0.01492262	
5.160000	-0.02675349	
5.180000	-0.02522182	
5.200000	-0.01870531	
5.220000	-0.00430495	
5.240000	0.01477128	
5.260000	0.03349495	
5.280000	0.04443872	
5.300000	0.04328960	
5.320000	0.02698797	
5.340000	0.00091064	
5.360000	-0.01931244	
5.380000	-0.02884048	
5.400000	-0.02457517	
5.420000	-0.00930679	
5.440000	0.01410538	
5.460000	0.03764147	
5.480000	0.05018997	
5.500000	0.04795671	
5.520000	0.02833182	
5.540000	-0.00008446	
5.560000	-0.02205592	
5.580000	-0.02992851	
5.600000	-0.02470994	
5.620000	-0.00907737	
5.640000	0.01205391	
5.660000	0.03111970	
5.680000	0.03739315	
5.700000	0.02750492	
5.720000	0.00190347	
5.740000	-0.02107722	
5.760000	-0.03429645	
5.780000	-0.02972651	
5.800000	-0.01714534	
5.820000	0.00452834	
5.840000	0.02590370	
5.860000	0.03909606	
5.880000	0.03575742	
5.900000	0.01342845	
5.920000	-0.00982195	
5.940000	-0.02537000	
5.960000	-0.02559578	
5.980000	-0.01789784	
6.000000	-0.00277895	
6.020000	0.01761377	
6.040000	0.03093028	
6.060000	0.03054875	
6.080000	0.01273996	
6.100000	-0.00991303	
6.120000	-0.02656674	
6.140000	-0.03021008	
6.160000	-0.02569920	
6.180000	-0.01372886	
6.200000	0.00366575	
6.220000	0.02349532	
6.240000	0.03605366	
6.260000	0.03691703	
6.280000	0.02141744	
6.300000	-0.00207496	
6.320000	-0.02029324	
6.340000	-0.02793854	
6.360000	-0.02422041	
6.380000	-0.01168686	
6.400000	0.00854510	
6.420000	0.03037506	
6.440000	0.04336560	
6.460000	0.04127473	
6.480000	0.02061594	
6.500000	-0.00605667	
6.520000	-0.02434450	
6.540000	-0.02920288	
6.560000	-0.02433312	
6.580000	-0.01111686	
6.600000	0.00957572	
6.620000	0.03230917	
6.640000	0.04623818	
6.660000	0.04784644	
6.680000	0.03291947	
6.700000	0.00453359	
6.720000	-0.01941961	
6.740000	-0.03189331	
6.760000	-0.02983439	
6.780000	-0.01793694	
6.800000	0.00314373	
6.820000	0.02923656	
6.840000	0.04650158	
6.860000	0.04907703	
6.880000	0.03415275	
6.900000	0.00499028	
6.920000	-0.01932329	
6.940000	-0.03202385	
6.960000	-0.02819896	
6.980000	-0.01444727	
7.000000	0.00700980	
7.020000	0.02909034	
7.040000	0.04070383	
7.060000	0.03504062	
7.080000	0.01068795	
7.100000	-0.01483071	
7.120000	-0.03147578	
7.140000	-0.03214818	
7.160000	-0.02681404	
7.180000	-0.01241702	
7.200000	0.00824672	
7.220000	0.02875388	
7.240000	0.04000354	
7.260000	0.03541672	
7.280000	0.01358879	
7.300000	-0.01090556	
7.320000	-0.02644205	
7.340000	-0.02850950	
7.360000	-0.02115881	
7.380000	-0.00504839	
7.400000	0.01737207	
7.420000	0.03580552	
7.440000	0.04363662	
7.460000	0.03580135	
7.480000	0.01082790	
7.500000	-0.01347882	
7.520000	-0.02902383	
7.540000	-0.02685559	
7.560000	-0.01544136	
7.580000	0.00526619	
7.600000	0.02761322	
7.620000	0.04233962	
7.640000	0.04407990	
7.660000	0.02976352	
7.680000	0.00458276	
7.700000	-0.01708406	
7.720000	-0.02747893	
7.740000	-0.02238905	
7.760000	-0.00739986	
7.780000	0.01596767	
7.800000	0.03740811	
7.820000	0.04778624	
7.840000	0.04223341	
7.860000	0.01828825	
7.880000	-0.00776511	
7.900000	-0.02565593	
7.920000	-0.02806824	
7.940000	-0.02056444	
7.960000	-0.00522894	
7.980000	0.01667219	
8.000000	0.03355747	
8.020000	0.03972995	
8.040000	0.02949375	
8.059999	0.00517845	
8.080000	-0.01631814	
8.099999	-0.02833438	
8.120000	-0.02754325	
8.139999	-0.02120048	
8.160000	-0.00760752	
8.179999	0.01408434	
8.200000	0.03235263	
8.220000	0.04109114	
8.240000	0.03219330	
8.260000	0.00614965	
8.280000	-0.01764774	
8.300000	-0.03088880	
8.320000	-0.02885818	
8.340000	-0.02062470	
8.360000	-0.00467980	
8.380000	0.01810759	
8.400000	0.03808963	
8.420000	0.04730672	
8.440000	0.04074812	
8.460000	0.01532906	
8.480000	-0.01119667	
8.500000	-0.02857405	
8.520000	-0.03009278	
8.540000	-0.02171457	
8.559999	-0.00483203	
8.580000	0.01867598	
8.599999	0.03817993	
8.620000	0.04527980	
8.639999	0.03584749	
8.660000	0.00834978	
8.679999	-0.01662248	
8.700000	-0.03120327	
8.720000	-0.02843493	
8.740000	-0.01447225	
8.760000	0.00668943	
8.780000	0.02976298	
8.800000	0.04199982	
8.820000	0.03819358	
8.840000	0.01737237	
8.860000	-0.00822639	
8.880000	-0.02589232	
8.900000	-0.02947730	
8.920000	-0.02198941	
8.940000	-0.00528759	
8.960000	0.01626992	
8.980000	0.03345752	
9.000000	0.03608716	
9.020000	0.02014929	
9.040000	-0.00417459	
9.059999	-0.02284461	
9.080000	-0.02893335	
9.099999	-0.02630949	
9.120000	-0.01900041	
9.139999	-0.00262630	
9.160000	0.01719570	
9.179999	0.03462893	
9.200000	0.03918546	
9.220000	0.02559292	
9.240000	-0.00087774	
9.260000	-0.02313286	
9.280000	-0.03293878	
9.300000	-0.02939135	
9.320000	-0.01991946	
9.340000	-0.00194305	
9.360000	0.01806515	
9.380000	0.03213483	
9.400000	0.03281975	
9.420000	0.01480561	
9.440000	-0.00912338	
9.460000	-0.02773845	
9.480000	-0.03297567	
9.500000	-0.02977753	
9.520000	-0.02010447	
9.540000	-0.00226706	
9.559999	0.01731020	
9.580000	0.02994007	
9.599999	0.02783203	
9.620000	0.00776190	
9.639999	-0.01460636	
9.660000	-0.02913058	
9.679999	-0.03040540	
9.700000	-0.02355009	
9.719999	-0.01009154	
9.740000	0.01036292	
9.760000	0.02907455	
9.780000	0.04003668	
9.800000	0.03777361	
9.820000	0.01753646	
9.840000	-0.00713962	
9.860000	-0.02506816	
9.880000	-0.02907276	
9.900000	-0.02515781	
9.920000	-0.01541799	
9.940000	0.00204003	
9.960000	0.02083564	
9.980000	0.03344458	
10.000000	0.03237903	
10.020000	0.01458490	
10.040000	-0.00826919	
10.059999	-0.02470553	
10.080000	-0.02908534	
10.099999	-0.02572387	
10.120000	-0.01849246	
10.139999	-0.00422984	
10.160000	0.00953811	
10.179999	0.01714587	
10.200000	0.00986516	
10.219999	-0.00728118	
10.240000	-0.02254862	
10.260000	-0.02951121	
10.280000	-0.02874535	
10.300000	-0.02499253	
10.320000	-0.01507765	
10.340000	0.00123507	
10.360000	0.01632088	
10.380000	0.02172428	
10.400000	0.01234049	
10.420000	-0.00705415	
10.440000	-0.02340120	
10.460000	-0.03054315	
10.480000	-0.02948457	
10.500000	-0.02507365	
10.520000	-0.01769853	
10.540000	-0.00460315	
10.559999	0.00492013	
10.580000	0.00707328	
10.599999	-0.00292659	
10.620000	-0.01753342	
10.639999	-0.02875596	
10.660000	-0.03075582	
10.679999	-0.02164137	
10.700000	-0.00453484	
10.719999	0.01498556	
10.740000	0.03163391	
10.760000	0.03924263	
10.780000	0.03345150	
10.800000	0.01042497	
10.820000	-0.01375455	
10.840000	-0.02970010	
10.860000	-0.03109431	
10.880000	-0.02613711	
10.900000	-0.01251578	
10.920000	0.00855356	
10.940000	0.03148210	
10.960000	0.04570824	
10.980000	0.04695314	
11.000000	0.03190285	
11.020000	0.00301826	
11.040000	-0.02095830	
11.059999	-0.03379989	
11.080000	-0.03091133	
11.099999	-0.02015918	
11.120000	-0.00263107	
11.139999	0.01915902	
11.160000	0.03355062	
11.179999	0.03595835	
11.200000	0.02196938	
11.219999	-0.00204426	
11.240000	-0.02165532	
11.259999	-0.03033471	
11.280000	-0.02932733	
11.300000	-0.02398622	
11.320000	-0.01292229	
11.340000	0.00582141	
11.360000	0.02348185	
11.380000	0.03335106	
11.400000	0.02697867	
11.420000	0.00461119	
11.440000	-0.01633799	
11.460000	-0.02841038	
11.480000	-0.02770919	
11.500000	-0.02431494	
11.520000	-0.01470107	
11.540000	0.00319320	
11.559999	0.02293038	
11.580000	0.03527534	
11.599999	0.03301591	
11.620000	0.01220989	
11.639999	-0.01071095	
11.660000	-0.02700442	
11.679999	-0.02932990	
11.700000	-0.02699435	
11.719999	-0.02005965	
11.740000	-0.00471234	
11.759999	0.01337558	
11.780000	0.02639461	
11.800000	0.02521229	
11.820000	0.00495666	
11.840000	-0.01557070	
11.860000	-0.02975368	
11.880000	-0.02957749	
11.900000	-0.02717447	
11.920000	-0.02009809	
11.940000	-0.00480270	
11.960000	0.01343250	
11.980000	0.02601779	
12.000000	0.02453047	
12.020000	0.00621152	
12.040000	-0.01543540	
12.059999	-0.03105247	
12.080000	-0.03464007	
12.099999	-0.03235084	
12.120000	-0.02488089	
12.139999	-0.00915438	
12.160000	0.01121676	
12.179999	0.02882886	
12.200000	0.03670526	
12.219999	0.02887428	
12.240000	0.00390512	
12.259999	-0.02064055	
12.280000	-0.03628087	
12.300000	-0.03640306	
12.320000	-0.03443760	
12.340000	-0.02566183	
12.360000	-0.01105839	
12.380000	0.00976110	
12.400000	0.02697086	
12.420000	0.03458935	
12.440000	0.02428555	
12.460000	-0.00058979	
12.480000	-0.02265054	
12.500000	-0.03330070	
12.520000	-0.03241616	
12.540000	-0.02896136	
12.559999	-0.02042425	
12.580000	-0.00417507	
12.599999	0.01428241	
12.620000	0.02831912	
12.639999	0.03081590	
12.660000	0.01768160	
12.679999	-0.00446320	
12.700000	-0.02311075	
12.719999	-0.03087515	
12.740000	-0.02949202	
12.759999	-0.02686316	
12.780000	-0.01869589	
12.799999	-0.00732255	
12.820000	0.00551510	
12.840000	0.00997704	
12.860000	0.00041461	
12.880000	-0.01399392	
12.900000	-0.02537531	
12.920000	-0.02750266	
12.940000	-0.02479661	
12.960000	-0.01758778	
12.980000	-0.00221354	
13.000000	0.01349258	
13.020000	0.02284026	
13.040000	0.01592600	
13.059999	-0.00269896	
13.080000	-0.01972061	
13.099999	-0.02818048	
13.120000	-0.02711749	
13.139999	-0.01984286	
13.160000	-0.00516462	
13.179999	0.01438451	
13.200000	0.02765256	
13.219999	0.02768505	
13.240000	0.01054776	
13.259999	-0.01062548	
13.280000	-0.02640307	
13.299999	-0.02980590	
13.320000	-0.02588701	
13.340000	-0.01407981	
13.360000	0.00284612	
13.380000	0.01926661	
13.400000	0.02765965	
13.420000	0.02298576	
13.440000	0.00264645	
13.460000	-0.01760459	
13.480000	-0.03057718	
13.500000	-0.02900481	
13.520000	-0.02261084	
13.540000	-0.00781399	
13.559999	0.01195586	
13.580000	0.02924842	
13.599999	0.03553200	
13.620000	0.02411586	
13.639999	0.00118953	
13.660000	-0.01919615	
13.679999	-0.02835912	
13.700000	-0.02693731	
13.719999	-0.02231145	
13.740000	-0.00905001	
13.759999	0.01058733	
13.780000	0.03097337	
13.799999	0.04238456	
13.820000	0.03721344	
13.840000	0.01553738	
13.860000	-0.01348555	
13.880000	-0.03302741	
13.900000	-0.03931993	
13.920000	-0.03448182	
13.940000	-0.02105939	
13.960000	-0.00195807	
13.980000	0.01872492	
14.000000	0.03040868	
14.020000	0.03310919	
14.040000	0.01982361	
14.059999	-0.00506914	
14.080000	-0.02696049	
14.099999	-0.03785419	
14.120000	-0.03456837	
14.139999	-0.02426732	
14.160000	-0.00774318	
14.179999	0.01108205	
14.200000	0.02234805	
14.219999	0.02077883	
14.240000	0.00383127	
14.259999	-0.01534289	
14.280000	-0.02818060	
14.299999	-0.02976173	
14.320000	-0.02434111	
14.340000	-0.01074147	
14.360000	0.00573254	
14.380000	0.01786464	
14.400000	0.01677245	
14.420000	-0.00046986	
14.440000	-0.01823032	
14.460000	-0.03011078	
14.480000	-0.02944547	
14.500000	-0.02271563	
14.520000	-0.01001668	
14.540000	0.00876933	
14.559999	0.02499104	
14.580000	0.03304023	
14.599999	0.02782309	
14.620000	0.00638247	
14.639999	-0.01541924	
14.660000	-0.02927321	
14.679999	-0.02907181	
14.700000	-0.01894581	
14.719999	-0.00248641	
14.740000	0.01775479	
14.759999	0.02995908	
14.780000	0.03087384	
14.799999	0.01657432	
14.820000	-0.00499845	
14.839999	-0.02226835	
14.860000	-0.02890503	
14.880000	-0.02569824	
14.900000	-0.01461595	
14.920000	0.00474310	
14.940000	0.02780497	
14.960000	0.04363894	
14.980000	0.04806757	
15.000000	0.03615093	
15.020000	0.00899148	
15.040000	-0.01528263	
15.059999	-0.02916497	
15.080000	-0.02662045	
15.099999	-0.01585329	
15.120000	0.00309968	
15.139999	0.02667499	
15.160000	0.04435736	
15.179999	0.05063468	
15.200000	0.04191476	
15.219999	0.01669425	
15.240000	-0.01015782	
15.259999	-0.02750498	
15.280000	-0.03007454	
15.299999	-0.01948118	
15.320000	-0.00210840	
15.339999	0.02146137	
15.360000	0.03970861	
15.380000	0.04803920	
15.400000	0.04267257	
15.420000	0.02043486	
15.440000	-0.00590163	
15.460000	-0.02454692	
15.480000	-0.02938968	
15.500000	-0.02289677	
15.520000	-0.00932288	
15.540000	0.01241034	
15.559999	0.03406471	
15.580000	0.05020666	
15.599999	0.05484360	
15.620000	0.04348344	
15.639999	0.01557726	
15.660000	-0.01113421	
15.679999	-0.02675056	
15.700000	-0.02801985	
15.719999	-0.02499652	
15.740000	-0.01508617	
15.759999	0.00137258	
15.780000	0.02169168	
15.799999	0.03768843	
15.820000	0.04361999	
15.839999	0.03273600	
15.860000	0.00608927	
15.880000	-0.01724821	
15.900000	-0.02936524	
15.920000	-0.02791893	
15.940000	-0.02022952	
15.960000	-0.00630707	
15.980000	0.01446682	
16.000000	0.03290778	
16.020000	0.04461122	
16.039999	0.04364705	
16.059999	0.02669662	
16.080000	-0.00057167	
16.100000	-0.02267855	
16.119999	-0.03291410	
16.139999	-0.02834040	
16.160000	-0.01504683	
16.180000	0.00836039	
16.199999	0.03283381	
16.219999	0.05068451	
16.240000	0.05555826	
16.260000	0.04374391	
16.279999	0.01473475	
16.299999	-0.01373285	
16.320000	-0.03120083	
16.340000	-0.03218567	
16.359999	-0.02799433	
16.379999	-0.01655793	
16.400000	-0.00050128	
16.420000	0.01841110	
16.440001	0.03209502	
16.459999	0.03733933	
16.480000	0.02750492	
16.500000	0.00303560	
16.520000	-0.01929474	
16.539999	-0.03131181	
16.559999	-0.03065759	
16.580000	-0.02863318	
16.600000	-0.02296287	
16.619999	-0.00919265	
16.639999	0.01013237	
16.660000	0.02693105	
16.680000	0.03215611	
16.699999	0.01834345	
16.719999	-0.00470412	
16.740000	-0.02403611	
16.760000	-0.03120875	
16.779999	-0.02957553	
16.799999	-0.02570939	
16.820000	-0.01421678	
16.840000	0.00323904	
16.859999	0.02421349	
16.879999	0.03762847	
16.900000	0.03878605	
16.920000	0.02224165	
16.940001	-0.00214130	
16.959999	-0.02160156	
16.980000	-0.02868479	
17.000000	-0.02790380	
17.020000	-0.02429366	
17.039999	-0.01499903	
17.059999	0.00167459	
17.080000	0.01838571	
17.100000	0.02689463	
17.119999	0.02010274	
17.139999	-0.00061172	
17.160000	-0.01986408	
17.180000	-0.03059012	
17.199999	-0.03031993	
17.219999	-0.02893418	
17.240000	-0.02460998	
17.260000	-0.01322508	
17.279999	0.00444490	
17.299999	0.02343303	
17.320000	0.03536028	
17.340000	0.03218651	
17.359999	0.00974876	
17.379999	-0.01516050	
17.400000	-0.03203535	
17.420000	-0.03304106	
17.440001	-0.03042531	
17.459999	-0.02156299	
17.480000	-0.00671464	
17.500000	0.01368499	
17.520000	0.03023475	
17.539999	0.03721249	
17.559999	0.02792412	
17.580000	0.00245571	
17.600000	-0.02081555	
17.619999	-0.03385478	
17.639999	-0.03311050	
17.660000	-0.03045285	
17.680000	-0.02366167	
17.699999	-0.00979680	
17.719999	0.00744945	
17.740000	0.02285963	
17.760000	0.03107458	
17.779999	0.02529293	
17.799999	0.00300944	
17.820000	-0.01905155	
17.840000	-0.03246957	
17.859999	-0.03079265	
17.879999	-0.02896672	
17.900000	-0.02257937	
17.920000	-0.01175219	
17.940001	0.00566947	
17.959999	0.02096498	
17.980000	0.02797276	
18.000000	0.01884955	
18.020000	-0.00266916	
18.039999	-0.02180183	
18.059999	-0.03112602	
18.080000	-0.03045619	
18.100000	-0.02815920	
18.119999	-0.02104241	
18.139999	-0.00762564	
18.160000	0.00668108	
18.180000	0.01350731	
18.199999	0.00697589	
18.219999	-0.00884789	
18.240000	-0.02253318	
18.260000	-0.02883929	
18.279999	-0.02837658	
18.299999	-0.02566177	
18.320000	-0.01816809	
18.340000	-0.00313938	
18.359999	0.01478827	
18.379999	0.02693373	
18.400000	0.02576900	
18.420000	0.00740695	
18.440001	-0.01304299	
18.459999	-0.02747422	
18.480000	-0.02979958	
18.500000	-0.02708244	
18.520000	-0.01911175	
18.539999	-0.00294763	
18.559999	0.01572257	
18.580000	0.02984226	
18.600000	0.03233856	
18.619999	0.01799357	
18.639999	-0.00524145	
18.660000	-0.02539194	
18.680000	-0.03350002	
18.699999	-0.03234786	
18.719999	-0.02896154	
18.740000	-0.01864344	
18.760000	-0.00490010	
18.779999	0.00986046	
18.799999	0.01607865	
18.820000	0.00867695	
18.840000	-0.00918359	
18.859999	-0.02548981	
18.879999	-0.03298348	
18.900000	-0.03147775	
18.920000	-0.02548283	
18.939999	-0.01146764	
18.959999	0.00592053	
18.980000	0.02170640	
19.000000	0.02708453	
19.020000	0.01760477	
19.039999	-0.00329447	
19.059999	-0.02187687	
19.080000	-0.03048033	
19.100000	-0.02958071	
19.119999	-0.02714825	
19.139999	-0.01751703	
19.160000	-0.00240403	
19.180000	0.01429832	
19.199999	0.02362710	
19.219999	0.01952732	
19.240000	0.00003797	
19.260000	-0.01973295	
19.279999	-0.03247827	
19.299999	-0.03155124	
19.320000	-0.02678186	
19.340000	-0.01474291	
19.359999	0.00274748	
19.379999	0.02201569	
19.400000	0.03397459	
19.420000	0.03188950	
19.439999	0.01278234	
19.459999	-0.01262081	
19.480000	-0.03078955	
19.500000	-0.03594112	
19.520000	-0.03346366	
19.539999	-0.02426016	
19.559999	-0.00837243	
19.580000	0.01237291	
19.600000	0.02927905	
19.619999	0.03604436	
19.639999	0.02767026	
19.660000	0.00232112	
19.680000	-0.02074629	
19.699999	-0.03464365	
19.719999	-0.03444135	
19.740000	-0.03063226	
19.760000	-0.02118587	
19.779999	-0.00472438	
19.799999	0.01171434	
19.820000	0.02296710	
19.840000	0.02343780	
19.859999	0.01047385	
19.879999	-0.00986964	
19.900000	-0.02621228	
19.920000	-0.03265798	
19.939999	-0.02956635	
19.959999	-0.02120113	
19.980000	-0.00623721	
20.000000	0.01087159	
20.020000	0.02371609	
20.039999	0.02711457	
20.059999	0.01458371	
20.080000	-0.00636888	
20.100000	-0.02417374	
20.119999	-0.03095877	
20.139999	-0.02844602	
20.160000	-0.02107495	
20.180000	-0.00629002	
20.199999	0.01210332	
20.219999	0.02717006	
20.240000	0.03216821	
20.260000	0.02152067	
20.279999	-0.00174284	
20.299999	-0.02211183	
20.320000	-0.03257430	
20.340000	-0.03110027	
20.359999	-0.02815187	
20.379999	-0.01778907	
20.400000	-0.00283843	
20.420000	0.01583171	
20.439999	0.02976465	
20.459999	0.03496325	
20.480000	0.02551317	
20.500000	0.00057441	
20.520000	-0.02120823	
20.539999	-0.03333157	
20.559999	-0.03260988	
20.580000	-0.03100151	
20.600000	-0.02650237	
20.619999	-0.01582789	
20.639999	-0.00200868	
20.660000	0.01085091	
20.680000	0.01632655	
20.699999	0.00846767	
20.719999	-0.00978655	
20.740000	-0.02647948	
20.760000	-0.03406143	
20.779999	-0.03332007	
20.799999	-0.03293848	
20.820000	-0.02975804	
20.840000	-0.02185595	
20.859999	-0.00872231	
20.879999	0.00437945	
20.900000	0.01260209	
20.920000	0.00884151	
20.939999	-0.00720233	
20.959999	-0.02358824	
20.980000	-0.03246427	
21.000000	-0.03219420	
21.020000	-0.03058046	
21.039999	-0.02831107	
21.059999	-0.01903623	
21.080000	-0.00680852	
21.100000	0.00659674	
21.119999	0.01268822	
21.139999	0.00589412	
21.160000	-0.01023346	
21.180000	-0.02513850	
21.199999	-0.03147268	
21.219999	-0.03119022	
21.240000	-0.03141797	
21.260000	-0.02751678	
21.279999	-0.01697123	
21.299999	-0.00022233	
21.320000	0.01554006	
21.340000	0.02142382	
21.359999	0.01222712	
21.379999	-0.00885761	
21.400000	-0.02661330	
21.420000	-0.03502423	
21.439999	-0.03452551	
21.459999	-0.03137916	
21.480000	-0.02325034	
21.500000	-0.00853986	
21.520000	0.00672221	
21.539999	0.01651520	
21.559999	0.01718301	
21.580000	0.00516826	
21.600000	-0.01244664	
21.619999	-0.02740061	
21.639999	-0.03286767	
21.660000	-0.03141171	
21.680000	-0.02637541	
21.699999	-0.01332021	
21.719999	0.00458747	
21.740000	0.02253127	
21.760000	0.03224391	
21.779999	0.02723449	
21.799999	0.00450021	
21.820000	-0.01885295	
21.840000	-0.03367549	
21.859999	-0.03348404	
21.879999	-0.03246140	
21.900000	-0.02619070	
21.920000	-0.01443732	
21.939999	0.00303888	
21.959999	0.01865095	
21.980000	0.02706599	
22.000000	0.02464634	
22.020000	0.01373088	
