Time	Step_Length_2 X
0.000000	-0.22608691	
0.020000	-0.22480667	
0.040000	-0.22354239	
0.060000	-0.22198069	
0.080000	-0.21983886	
0.100000	-0.21671736	
0.120000	-0.21230465	
0.140000	-0.20601308	
0.160000	-0.19767159	
0.180000	-0.18727046	
0.200000	-0.17470956	
0.220000	-0.15996903	
0.240000	-0.14279419	
0.260000	-0.12284720	
0.280000	-0.09984064	
0.300000	-0.07352740	
0.320000	-0.04379219	
0.340000	-0.01046360	
0.360000	0.02557135	
0.380000	0.06274146	
0.400000	0.09945714	
0.420000	0.13396651	
0.440000	0.16369307	
0.460000	0.18630284	
0.480000	0.20160419	
0.500000	0.21024889	
0.520000	0.21348578	
0.540000	0.21226168	
0.560000	0.20843202	
0.580000	0.20230699	
0.600000	0.19385737	
0.620000	0.18254846	
0.640000	0.16869563	
0.660000	0.15189654	
0.680000	0.13217694	
0.700000	0.10924470	
0.720000	0.08337671	
0.740000	0.05503494	
0.760000	0.02488893	
0.780000	-0.00624943	
0.800000	-0.03852850	
0.820000	-0.07181144	
0.840000	-0.10605937	
0.860000	-0.14014751	
0.880000	-0.17286330	
0.900000	-0.20210856	
0.920000	-0.22547686	
0.940000	-0.24170512	
0.960000	-0.25127679	
0.980000	-0.25598055	
1.000000	-0.25703049	
1.020000	-0.25623280	
1.040000	-0.25463653	
1.060000	-0.25232196	
1.080000	-0.24832869	
1.100000	-0.24212724	
1.120000	-0.23409122	
1.140000	-0.22407287	
1.160000	-0.21219182	
1.180000	-0.19783163	
1.200000	-0.18088859	
1.220000	-0.16043317	
1.240000	-0.13652718	
1.260000	-0.10884726	
1.280000	-0.07848173	
1.300000	-0.04593360	
1.320000	-0.01231307	
1.340000	0.02237487	
1.360000	0.05694467	
1.380000	0.09027827	
1.400000	0.12028050	
1.420000	0.14493394	
1.440000	0.16261125	
1.460000	0.17320102	
1.480000	0.17811483	
1.500000	0.17936409	
1.520000	0.17881995	
1.540000	0.17742908	
1.560000	0.17549419	
1.580000	0.17260098	
1.600000	0.16819680	
1.620000	0.16178346	
1.640000	0.15313762	
1.660000	0.14221698	
1.680000	0.12869567	
1.700000	0.11232418	
1.720000	0.09328371	
1.740000	0.07186234	
1.760000	0.04820281	
1.780000	0.02260357	
1.800000	-0.00439525	
1.820000	-0.03170502	
1.840000	-0.05996662	
1.860000	-0.08881944	
1.880000	-0.11809891	
1.900000	-0.14587951	
1.920000	-0.17124748	
1.940000	-0.19145757	
1.960000	-0.20551229	
1.980000	-0.21309012	
2.000000	-0.21639895	
2.020000	-0.21666300	
2.040000	-0.21544623	
2.060000	-0.21341783	
2.080000	-0.21060079	
2.100000	-0.20612115	
2.120000	-0.19985741	
2.140000	-0.19153440	
2.160000	-0.18144161	
2.180000	-0.16944975	
2.200000	-0.15570927	
2.220000	-0.13985389	
2.240000	-0.12169194	
2.260000	-0.10070372	
2.280000	-0.07667166	
2.300000	-0.04739320	
2.320000	-0.01308393	
2.340000	0.02438575	
2.360000	0.06076097	
2.380000	0.09434831	
2.400000	0.12206560	
2.420000	0.14217651	
2.440000	0.15445131	
2.460000	0.16198999	
2.480000	0.16621017	
2.500000	0.16732508	
2.520000	0.16620439	
2.540000	0.16397184	
2.560000	0.16073221	
2.580000	0.15560848	
2.600000	0.14811629	
2.620000	0.13788497	
2.640000	0.12477434	
2.660000	0.10873431	
2.680000	0.09015328	
2.700000	0.06970787	
2.720000	0.04805022	
2.740000	0.02510929	
2.760000	0.00077796	
2.780000	-0.02464312	
2.800000	-0.05158472	
2.820000	-0.08012307	
2.840000	-0.11003780	
2.860000	-0.13992321	
2.880000	-0.16896874	
2.900000	-0.19569743	
2.920000	-0.21852773	
2.940000	-0.23570794	
2.960000	-0.24721879	
2.980000	-0.25389415	
3.000000	-0.25687718	
3.020000	-0.25743723	
3.040000	-0.25677514	
3.060000	-0.25542903	
3.080000	-0.25334269	
3.100000	-0.24982870	
3.120000	-0.24485970	
3.140000	-0.23830229	
3.160000	-0.23020267	
3.180000	-0.22025430	
3.200000	-0.20826685	
3.220000	-0.19374013	
3.240000	-0.17619991	
3.260000	-0.15519172	
3.280000	-0.13042146	
3.300000	-0.10187769	
3.320000	-0.06985587	
3.340000	-0.03479594	
3.360000	0.00255775	
3.380000	0.04114205	
3.400000	0.07917041	
3.420000	0.11508387	
3.440000	0.14678103	
3.460000	0.17250228	
3.480000	0.19099593	
3.500000	0.20273018	
3.520000	0.20885640	
3.540000	0.21088564	
3.560000	0.21024662	
3.580000	0.20798546	
3.600000	0.20423889	
3.620000	0.19830811	
3.640000	0.19009268	
3.660000	0.17974019	
3.680000	0.16737425	
3.700000	0.15236574	
3.720000	0.13430142	
3.740000	0.11268193	
3.760000	0.08768463	
3.780000	0.05996758	
3.800000	0.03062028	
3.820000	0.00051165	
3.840000	-0.03007972	
3.860000	-0.06120944	
3.880000	-0.09276623	
3.900000	-0.12409550	
3.920000	-0.15376514	
3.940000	-0.18012160	
3.960000	-0.20111024	
3.980000	-0.21588361	
4.000000	-0.22463530	
4.020000	-0.22900677	
4.040000	-0.23020321	
4.060000	-0.22981209	
4.080000	-0.22876930	
4.100000	-0.22706813	
4.120000	-0.22388911	
4.140000	-0.21876770	
4.160000	-0.21175307	
4.180000	-0.20245975	
4.200000	-0.19088566	
4.220000	-0.17692697	
4.240000	-0.16067803	
4.260000	-0.14155614	
4.280000	-0.11948103	
4.300000	-0.09428549	
4.320000	-0.06611806	
4.340000	-0.03476894	
4.360000	-0.00081199	
4.380000	0.03515720	
4.400000	0.07182729	
4.420000	0.10807246	
4.440000	0.14171034	
4.460000	0.17034340	
4.480000	0.19191861	
4.500000	0.20628148	
4.520000	0.21416676	
4.540000	0.21703935	
4.560000	0.21658015	
4.580000	0.21417814	
4.600000	0.21014476	
4.620000	0.20379996	
4.640000	0.19502383	
4.660000	0.18384039	
4.680000	0.17023808	
4.700000	0.15366918	
4.720000	0.13386595	
4.740000	0.11053956	
4.760000	0.08392024	
4.780000	0.05476046	
4.800000	0.02420759	
4.820000	-0.00680912	
4.840000	-0.03856432	
4.860000	-0.07119191	
4.880000	-0.10480636	
4.900000	-0.13858998	
4.920000	-0.17153382	
4.940000	-0.20172137	
4.960000	-0.22728336	
4.980000	-0.24651188	
5.000000	-0.25936681	
5.020000	-0.26666570	
5.040000	-0.26985294	
5.060000	-0.27023166	
5.080000	-0.26933420	
5.100000	-0.26756126	
5.120000	-0.26494491	
5.140000	-0.26038325	
5.160000	-0.25385666	
5.180000	-0.24491465	
5.200000	-0.23380172	
5.220000	-0.22021419	
5.240000	-0.20449311	
5.260000	-0.18614191	
5.280000	-0.16507238	
5.300000	-0.14056140	
5.320000	-0.11259651	
5.340000	-0.08161378	
5.360000	-0.04824561	
5.380000	-0.01270097	
5.400000	0.02454680	
5.420000	0.06240702	
5.440000	0.09996241	
5.460000	0.13554662	
5.480000	0.16662872	
5.500000	0.19055843	
5.520000	0.20683163	
5.540000	0.21636236	
5.560000	0.22055030	
5.580000	0.22113287	
5.600000	0.21970677	
5.620000	0.21701670	
5.640000	0.21250087	
5.660000	0.20568073	
5.680000	0.19673204	
5.700000	0.18595821	
5.720000	0.17333263	
5.740000	0.15814644	
5.760000	0.14012301	
5.780000	0.11879802	
5.800000	0.09446245	
5.820000	0.06770897	
5.840000	0.03964347	
5.860000	0.01067346	
5.880000	-0.01850259	
5.900000	-0.04862618	
5.920000	-0.07952136	
5.940000	-0.11129582	
5.960000	-0.14200187	
5.980000	-0.17086136	
6.000000	-0.19521248	
6.020000	-0.21370178	
6.040000	-0.22530133	
6.060000	-0.23163331	
6.080000	-0.23385698	
6.100000	-0.23333007	
6.120000	-0.23152363	
6.140000	-0.22869611	
6.160000	-0.22440255	
6.180000	-0.21778655	
6.200000	-0.20911020	
6.220000	-0.19801778	
6.240000	-0.18434525	
6.260000	-0.16749513	
6.280000	-0.14724022	
6.300000	-0.12310928	
6.320000	-0.09519249	
6.340000	-0.06361789	
6.360000	-0.02891958	
6.380000	0.00831789	
6.400000	0.04708797	
6.420000	0.08626384	
6.440000	0.12407678	
6.460000	0.15850848	
6.480000	0.18690586	
6.500000	0.20787632	
6.520000	0.22127557	
6.540000	0.22848928	
6.560000	0.23105419	
6.580000	0.23081630	
6.600000	0.22887945	
6.620000	0.22533774	
6.640000	0.21936494	
6.660000	0.21038115	
6.680000	0.19889879	
6.700000	0.18497920	
6.720000	0.16824961	
6.740000	0.14786655	
6.760000	0.12383622	
6.780000	0.09647912	
6.800000	0.06638068	
6.820000	0.03441566	
6.840000	0.00153816	
6.860000	-0.03204846	
6.880000	-0.06682295	
6.900000	-0.10272276	
6.920000	-0.13901347	
6.940000	-0.17438841	
6.960000	-0.20703524	
6.980000	-0.23483676	
7.000000	-0.25585186	
7.020000	-0.26990753	
7.040000	-0.27778453	
7.060000	-0.28110749	
7.080000	-0.28135419	
7.100000	-0.28027850	
7.120000	-0.27829462	
7.140000	-0.27499884	
7.160000	-0.26960135	
7.180000	-0.26199198	
7.200000	-0.25205618	
7.220000	-0.23963302	
7.240000	-0.22475177	
7.260000	-0.20731187	
7.280000	-0.18736935	
7.300000	-0.16468817	
7.320000	-0.13915467	
7.340000	-0.11040884	
7.360000	-0.07871604	
7.380000	-0.04429269	
7.400000	-0.00784147	
7.420000	0.02996403	
7.440000	0.06768203	
7.460000	0.10368896	
7.480000	0.13591415	
7.500000	0.16248351	
7.520000	0.18202144	
7.540000	0.19445330	
7.560000	0.20087761	
7.580000	0.20307320	
7.600000	0.20262599	
7.620000	0.20063031	
7.640000	0.19742352	
7.660000	0.19260991	
7.680000	0.18587184	
7.700000	0.17720062	
7.720000	0.16673499	
7.740000	0.15394479	
7.760000	0.13845646	
7.780000	0.11961794	
7.800000	0.09723634	
7.820000	0.07134569	
7.840000	0.04324466	
7.860000	0.01364964	
7.880000	-0.01623935	
7.900000	-0.04708791	
7.920000	-0.07846266	
7.940000	-0.11093980	
7.960000	-0.14308554	
7.980000	-0.17409837	
8.000000	-0.20100635	
8.020000	-0.22204000	
8.040000	-0.23605520	
8.059999	-0.24431783	
8.080000	-0.24797469	
8.099999	-0.24844939	
8.120000	-0.24741387	
8.139999	-0.24546868	
8.160000	-0.24215722	
8.179999	-0.23686272	
8.200000	-0.22971857	
8.220000	-0.22069156	
8.240000	-0.20951408	
8.260000	-0.19579369	
8.280000	-0.17944139	
8.300000	-0.15991288	
8.320000	-0.13708687	
8.340000	-0.11094290	
8.360000	-0.08213049	
8.380000	-0.05107766	
8.400000	-0.01842868	
8.420000	0.01560920	
8.440000	0.05018187	
8.460000	0.08424097	
8.480000	0.11610603	
8.500000	0.14399904	
8.520000	0.16586059	
8.540000	0.18100482	
8.559999	0.18975908	
8.580000	0.19385511	
8.599999	0.19464964	
8.620000	0.19378126	
8.639999	0.19180042	
8.660000	0.18876737	
8.679999	0.18394905	
8.700000	0.17703789	
8.720000	0.16768491	
8.740000	0.15573585	
8.760000	0.14104879	
8.780000	0.12353498	
8.800000	0.10322791	
8.820000	0.08046317	
8.840000	0.05589533	
8.860000	0.02982736	
8.880000	0.00240308	
8.900000	-0.02665144	
8.920000	-0.05718535	
8.940000	-0.08943164	
8.960000	-0.12250793	
8.980000	-0.15560991	
9.000000	-0.18681651	
9.020000	-0.21478230	
9.040000	-0.23717141	
9.059999	-0.25324619	
9.080000	-0.26307416	
9.099999	-0.26807350	
9.120000	-0.26945490	
9.139999	-0.26884568	
9.160000	-0.26748544	
9.179999	-0.26516604	
9.200000	-0.26129007	
9.220000	-0.25536036	
9.240000	-0.24772316	
9.260000	-0.23792624	
9.280000	-0.22599941	
9.300000	-0.21146065	
9.320000	-0.19422269	
9.340000	-0.17358005	
9.360000	-0.14949924	
9.380000	-0.12178981	
9.400000	-0.09094328	
9.420000	-0.05740017	
9.440000	-0.02220833	
9.460000	0.01381624	
9.480000	0.04907757	
9.500000	0.08202636	
9.520000	0.11109275	
9.540000	0.13477665	
9.559999	0.15207398	
9.580000	0.16296369	
9.599999	0.16865069	
9.620000	0.17030835	
9.639999	0.16940427	
9.660000	0.16684520	
9.679999	0.16314977	
9.700000	0.15746224	
9.719999	0.14912122	
9.740000	0.13770109	
9.760000	0.12305558	
9.780000	0.10497099	
9.800000	0.08376676	
9.820000	0.06000286	
9.840000	0.03437185	
9.860000	0.00716114	
9.880000	-0.02141684	
9.900000	-0.05120212	
9.920000	-0.08195841	
9.940000	-0.11356020	
9.960000	-0.14519519	
9.980000	-0.17569655	
10.000000	-0.20332623	
10.020000	-0.22641325	
10.040000	-0.24341393	
10.059999	-0.25439090	
10.080000	-0.26017547	
10.099999	-0.26232016	
10.120000	-0.26212019	
10.139999	-0.26102591	
10.160000	-0.25922269	
10.179999	-0.25616062	
10.200000	-0.25127733	
10.219999	-0.24451679	
10.240000	-0.23592120	
10.260000	-0.22507232	
10.280000	-0.21201068	
10.300000	-0.19612342	
10.320000	-0.17744559	
10.340000	-0.15518397	
10.360000	-0.12964553	
10.380000	-0.10054606	
10.400000	-0.06875849	
10.420000	-0.03438604	
10.440000	0.00133908	
10.460000	0.03776604	
10.480000	0.07331568	
10.500000	0.10675561	
10.520000	0.13597041	
10.540000	0.15931165	
10.559999	0.17574602	
10.580000	0.18563735	
10.599999	0.19015872	
10.620000	0.19090569	
10.639999	0.18940794	
10.660000	0.18631256	
10.679999	0.18185651	
10.700000	0.17549777	
10.719999	0.16700268	
10.740000	0.15590763	
10.760000	0.14213359	
10.780000	0.12533653	
10.800000	0.10564822	
10.820000	0.08347756	
10.840000	0.05970353	
10.860000	0.03474212	
10.880000	0.00882018	
10.900000	-0.01786596	
10.920000	-0.04585582	
10.940000	-0.07555687	
10.960000	-0.10679406	
10.980000	-0.13838530	
11.000000	-0.16927886	
11.020000	-0.19810671	
11.040000	-0.22312188	
11.059999	-0.24269205	
11.080000	-0.25628525	
11.099999	-0.26476270	
11.120000	-0.26912922	
11.139999	-0.27074301	
11.160000	-0.27059478	
11.179999	-0.26973009	
11.200000	-0.26813859	
11.219999	-0.26531094	
11.240000	-0.26089483	
11.259999	-0.25484931	
11.280000	-0.24709946	
11.300000	-0.23718870	
11.320000	-0.22506231	
11.340000	-0.21046185	
11.360000	-0.19326383	
11.380000	-0.17291898	
11.400000	-0.14935291	
11.420000	-0.12197137	
11.440000	-0.09124136	
11.460000	-0.05710697	
11.480000	-0.02015233	
11.500000	0.01923245	
11.520000	0.05885464	
11.540000	0.09732968	
11.559999	0.13242447	
11.580000	0.16235590	
11.599999	0.18481505	
11.620000	0.19995838	
11.639999	0.20860070	
11.660000	0.21233916	
11.679999	0.21227509	
11.700000	0.21024764	
11.719999	0.20669955	
11.740000	0.20123851	
11.759999	0.19300133	
11.780000	0.18173528	
11.800000	0.16731364	
11.820000	0.14986610	
11.840000	0.12975782	
11.860000	0.10756546	
11.880000	0.08407182	
11.900000	0.05962455	
11.920000	0.03442055	
11.940000	0.00814468	
11.960000	-0.01932693	
11.980000	-0.04833263	
12.000000	-0.07857615	
12.020000	-0.10961926	
12.040000	-0.14013141	
12.059999	-0.16906846	
12.080000	-0.19471353	
12.099999	-0.21537405	
12.120000	-0.22976655	
12.139999	-0.23838812	
12.160000	-0.24223650	
12.179999	-0.24267113	
12.200000	-0.24109805	
12.219999	-0.23857844	
12.240000	-0.23503214	
12.259999	-0.22956318	
12.280000	-0.22203678	
12.300000	-0.21258092	
12.320000	-0.20124209	
12.340000	-0.18743217	
12.360000	-0.17115062	
12.380000	-0.15193659	
12.400000	-0.12970716	
12.420000	-0.10416859	
12.440000	-0.07619470	
12.460000	-0.04620552	
12.480000	-0.01482677	
12.500000	0.01770431	
12.520000	0.04985023	
12.540000	0.07994086	
12.559999	0.10608608	
12.580000	0.12656420	
12.599999	0.14047229	
12.620000	0.14818203	
12.639999	0.15172946	
12.660000	0.15271080	
12.679999	0.15277362	
12.700000	0.15238684	
12.719999	0.15206677	
12.740000	0.15100062	
12.759999	0.14860356	
12.780000	0.14373010	
12.799999	0.13598979	
12.820000	0.12494349	
12.840000	0.11097032	
12.860000	0.09443265	
12.880000	0.07635486	
12.900000	0.05745798	
12.920000	0.03859019	
12.940000	0.02006125	
12.960000	0.00134188	
12.980000	-0.01835310	
13.000000	-0.03916711	
13.020000	-0.06173599	
13.040000	-0.08590961	
13.059999	-0.11099637	
13.080000	-0.13471222	
13.099999	-0.15595621	
13.120000	-0.17293257	
13.139999	-0.18508363	
13.160000	-0.19196159	
13.179999	-0.19530278	
13.200000	-0.19602638	
13.219999	-0.19525599	
13.240000	-0.19362426	
13.259999	-0.19128573	
13.280000	-0.18756545	
13.299999	-0.18210274	
13.320000	-0.17483598	
13.340000	-0.16569412	
13.360000	-0.15442944	
13.380000	-0.14076418	
13.400000	-0.12456518	
13.420000	-0.10541916	
13.440000	-0.08315134	
13.460000	-0.05742997	
13.480000	-0.02852201	
13.500000	0.00330162	
13.520000	0.03686279	
13.540000	0.07088780	
13.559999	0.10384762	
13.580000	0.13426960	
13.599999	0.16015226	
13.620000	0.17999965	
13.639999	0.19363254	
13.660000	0.20158762	
13.679999	0.20508808	
13.700000	0.20543027	
13.719999	0.20404196	
13.740000	0.20141459	
13.759999	0.19721800	
13.780000	0.19108498	
13.799999	0.18306643	
13.820000	0.17348325	
13.840000	0.16240549	
13.860000	0.14972126	
13.880000	0.13499659	
13.900000	0.11777395	
13.920000	0.09742475	
13.940000	0.07365453	
13.960000	0.04677904	
13.980000	0.01788360	
14.000000	-0.01180768	
14.020000	-0.04130566	
14.040000	-0.06963795	
14.059999	-0.09600562	
14.080000	-0.11924130	
14.099999	-0.13828641	
14.120000	-0.15211606	
14.139999	-0.16067427	
14.160000	-0.16462874	
14.179999	-0.16543859	
14.200000	-0.16462988	
14.219999	-0.16328996	
14.240000	-0.16151047	
14.259999	-0.15853292	
14.280000	-0.15415066	
14.299999	-0.14811581	
14.320000	-0.14027447	
14.340000	-0.13031644	
14.360000	-0.11803770	
14.380000	-0.10288709	
14.400000	-0.08403111	
14.420000	-0.06146258	
14.440000	-0.03525645	
14.460000	-0.00538486	
14.480000	0.02826452	
14.500000	0.06485707	
14.520000	0.10337126	
14.540000	0.14250070	
14.559999	0.18002105	
14.580000	0.21282136	
14.599999	0.23830855	
14.620000	0.25598145	
14.639999	0.26618093	
14.660000	0.27035916	
14.679999	0.26999676	
14.700000	0.26678073	
14.719999	0.26115113	
14.740000	0.25291264	
14.759999	0.24174362	
14.780000	0.22767925	
14.799999	0.21066731	
14.820000	0.19052690	
14.839999	0.16722983	
14.860000	0.14084047	
14.880000	0.11178297	
14.900000	0.08085537	
14.920000	0.04868537	
14.940000	0.01561570	
14.960000	-0.01856613	
14.980000	-0.05381405	
15.000000	-0.09012860	
15.020000	-0.12687469	
15.040000	-0.16289258	
15.059999	-0.19676793	
15.080000	-0.22681636	
15.099999	-0.25142288	
15.120000	-0.26927596	
15.139999	-0.28075904	
15.160000	-0.28679264	
15.179999	-0.28881145	
15.200000	-0.28819680	
15.219999	-0.28629231	
15.240000	-0.28332126	
15.259999	-0.27852565	
15.280000	-0.27151638	
15.299999	-0.26231700	
15.320000	-0.25097376	
15.339999	-0.23698050	
15.360000	-0.22029823	
15.380000	-0.20065409	
15.400000	-0.17771441	
15.420000	-0.15078872	
15.440000	-0.12023777	
15.460000	-0.08627772	
15.480000	-0.04949784	
15.500000	-0.01014411	
15.520000	0.03041357	
15.540000	0.07095349	
15.559999	0.10958356	
15.580000	0.14385808	
15.599999	0.17110813	
15.620000	0.19032443	
15.639999	0.20184278	
15.660000	0.20700079	
15.679999	0.20732409	
15.700000	0.20455939	
15.719999	0.19946671	
15.740000	0.19205582	
15.759999	0.18198025	
15.780000	0.16924101	
15.799999	0.15381813	
15.820000	0.13561994	
15.839999	0.11468548	
15.860000	0.09080184	
15.880000	0.06431139	
15.900000	0.03539336	
15.920000	0.00482672	
15.940000	-0.02719730	
15.960000	-0.06000185	
15.980000	-0.09326744	
16.000000	-0.12581867	
16.020000	-0.15689337	
16.039999	-0.18473864	
16.059999	-0.20760280	
16.080000	-0.22394359	
16.100000	-0.23421723	
16.119999	-0.23955429	
16.139999	-0.24121982	
16.160000	-0.24066508	
16.180000	-0.23906898	
16.199999	-0.23663032	
16.219999	-0.23255169	
16.240000	-0.22644931	
16.260000	-0.21831661	
16.279999	-0.20822132	
16.299999	-0.19583976	
16.320000	-0.18126333	
16.340000	-0.16416633	
16.359999	-0.14439684	
16.379999	-0.12118518	
16.400000	-0.09450734	
16.420000	-0.06423432	
16.440001	-0.03109056	
16.459999	0.00440037	
16.480000	0.04069799	
16.500000	0.07618493	
16.520000	0.10872537	
16.539999	0.13589060	
16.559999	0.15605271	
16.580000	0.16898006	
16.600000	0.17592871	
16.619999	0.17840588	
16.639999	0.17830962	
16.660000	0.17681503	
16.680000	0.17444122	
16.699999	0.17072004	
16.719999	0.16529179	
16.740000	0.15789855	
16.760000	0.14824069	
16.779999	0.13589299	
16.799999	0.12057912	
16.820000	0.10225314	
16.840000	0.08123744	
16.859999	0.05773306	
16.879999	0.03222626	
16.900000	0.00545180	
16.920000	-0.02179521	
16.940001	-0.04954207	
16.959999	-0.07729596	
16.980000	-0.10490561	
17.000000	-0.13154125	
17.020000	-0.15677243	
17.039999	-0.17893219	
17.059999	-0.19682235	
17.080000	-0.20926178	
17.100000	-0.21700335	
17.119999	-0.22086626	
17.139999	-0.22212666	
17.160000	-0.22187895	
17.180000	-0.22082800	
17.199999	-0.21921170	
17.219999	-0.21629018	
17.240000	-0.21183574	
17.260000	-0.20538735	
17.279999	-0.19708186	
17.299999	-0.18649077	
17.320000	-0.17423934	
17.340000	-0.15989012	
17.359999	-0.14348781	
17.379999	-0.12446964	
17.400000	-0.10280991	
17.420000	-0.07796568	
17.440001	-0.05016190	
17.459999	-0.01965183	
17.480000	0.01270479	
17.500000	0.04610920	
17.520000	0.07899308	
17.539999	0.10962510	
17.559999	0.13594222	
17.580000	0.15634501	
17.600000	0.16999543	
17.619999	0.17787868	
17.639999	0.18123800	
17.660000	0.18181056	
17.680000	0.18070036	
17.699999	0.17870110	
17.719999	0.17555207	
17.740000	0.17069030	
17.760000	0.16356105	
17.779999	0.15383613	
17.799999	0.14111662	
17.820000	0.12490761	
17.840000	0.10517645	
17.859999	0.08230239	
17.879999	0.05720985	
17.900000	0.03026015	
17.920000	0.00179398	
17.940001	-0.02830654	
17.959999	-0.05991405	
17.980000	-0.09294027	
18.000000	-0.12623340	
18.020000	-0.15852958	
18.039999	-0.18770748	
18.059999	-0.21187454	
18.080000	-0.22954416	
18.100000	-0.24095970	
18.119999	-0.24706280	
18.139999	-0.24905795	
18.160000	-0.24829465	
18.180000	-0.24585301	
18.199999	-0.24176210	
18.219999	-0.23525172	
18.240000	-0.22617692	
18.260000	-0.21458244	
18.279999	-0.20053250	
18.299999	-0.18376875	
18.320000	-0.16420698	
18.340000	-0.14157546	
18.359999	-0.11566746	
18.379999	-0.08655703	
18.400000	-0.05444050	
18.420000	-0.01953101	
18.440001	0.01745307	
18.459999	0.05527329	
18.480000	0.09259635	
18.500000	0.12821162	
18.520000	0.16066194	
18.539999	0.18872285	
18.559999	0.21114326	
18.580000	0.22750175	
18.600000	0.23791671	
18.619999	0.24337816	
18.639999	0.24536592	
18.660000	0.24545479	
18.680000	0.24491131	
18.699999	0.24403536	
18.719999	0.24266696	
18.740000	0.24023175	
18.760000	0.23667151	
18.779999	0.23134154	
18.799999	0.22402751	
18.820000	0.21397704	
18.840000	0.20144391	
18.859999	0.18644303	
18.879999	0.16939676	
18.900000	0.14994514	
18.920000	0.12816465	
18.939999	0.10387701	
18.959999	0.07735139	
18.980000	0.04858249	
19.000000	0.01778752	
19.020000	-0.01391166	
19.039999	-0.04713154	
19.059999	-0.08153248	
19.080000	-0.11701453	
19.100000	-0.15102434	
19.119999	-0.18187451	
19.139999	-0.20643985	
19.160000	-0.22373474	
19.180000	-0.23355764	
19.199999	-0.23800880	
19.219999	-0.23874599	
19.240000	-0.23764265	
19.260000	-0.23565370	
19.279999	-0.23247409	
19.299999	-0.22729510	
19.320000	-0.22009385	
19.340000	-0.21082401	
19.359999	-0.19926548	
19.379999	-0.18514025	
19.400000	-0.16858506	
19.420000	-0.14941239	
19.439999	-0.12749445	
19.459999	-0.10269773	
19.480000	-0.07555670	
19.500000	-0.04627877	
19.520000	-0.01527262	
19.539999	0.01738888	
19.559999	0.05076385	
19.580000	0.08417410	
19.600000	0.11625940	
19.619999	0.14525396	
19.639999	0.16887367	
19.660000	0.18590552	
19.680000	0.19640023	
19.699999	0.20137668	
19.719999	0.20227557	
19.740000	0.20055848	
19.760000	0.19705772	
19.779999	0.19175136	
19.799999	0.18413794	
19.820000	0.17394245	
19.840000	0.16103148	
19.859999	0.14532042	
19.879999	0.12671781	
19.900000	0.10513836	
19.920000	0.08070540	
19.939999	0.05360335	
19.959999	0.02420282	
19.980000	-0.00676453	
20.000000	-0.03918892	
20.020000	-0.07285929	
20.039999	-0.10763407	
20.059999	-0.14214808	
20.080000	-0.17553377	
20.100000	-0.20575041	
20.119999	-0.23089474	
20.139999	-0.24886185	
20.160000	-0.26030248	
20.180000	-0.26630843	
20.199999	-0.26850259	
20.219999	-0.26811832	
20.240000	-0.26663309	
20.260000	-0.26396674	
20.279999	-0.25953251	
20.299999	-0.25261706	
20.320000	-0.24343598	
20.340000	-0.23208892	
20.359999	-0.21853989	
20.379999	-0.20252377	
20.400000	-0.18369651	
20.420000	-0.16166389	
20.439999	-0.13614261	
20.459999	-0.10698527	
20.480000	-0.07464647	
20.500000	-0.03983265	
20.520000	-0.00372702	
20.539999	0.03280246	
20.559999	0.06850028	
20.580000	0.10239255	
20.600000	0.13243091	
20.619999	0.15702349	
20.639999	0.17478496	
20.660000	0.18597692	
20.680000	0.19129544	
20.699999	0.19241065	
20.719999	0.19099593	
20.740000	0.18799943	
20.760000	0.18355107	
20.779999	0.17709816	
20.799999	0.16836458	
20.820000	0.15691400	
20.840000	0.14274287	
20.859999	0.12552834	
20.879999	0.10533124	
20.900000	0.08241618	
20.920000	0.05765659	
20.939999	0.03143805	
20.959999	0.00390738	
20.980000	-0.02430809	
21.000000	-0.05394369	
21.020000	-0.08526772	
21.039999	-0.11846673	
21.059999	-0.15181381	
21.080000	-0.18415815	
21.100000	-0.21261930	
21.119999	-0.23478878	
21.139999	-0.24934429	
21.160000	-0.25756389	
21.180000	-0.26104289	
21.199999	-0.26130980	
21.219999	-0.26024956	
21.240000	-0.25838315	
21.260000	-0.25533688	
21.279999	-0.25046790	
21.299999	-0.24374741	
21.320000	-0.23546523	
21.340000	-0.22530580	
21.359999	-0.21329331	
21.379999	-0.19880098	
21.400000	-0.18193752	
21.420000	-0.16207922	
21.439999	-0.13952965	
21.459999	-0.11405796	
21.480000	-0.08656639	
21.500000	-0.05697811	
21.520000	-0.02587557	
21.539999	0.00669152	
21.559999	0.03952038	
21.580000	0.07139224	
21.600000	0.09975821	
21.619999	0.12293154	
21.639999	0.13931042	
21.660000	0.14927769	
21.680000	0.15379995	
21.699999	0.15508777	
21.719999	0.15465629	
21.740000	0.15392083	
21.760000	0.15314478	
21.779999	0.15210372	
21.799999	0.14996505	
21.820000	0.14603454	
21.840000	0.13967443	
21.859999	0.13033491	
21.879999	0.11793703	
21.900000	0.10284400	
21.920000	0.08572781	
21.939999	0.06692475	
21.959999	0.04636639	
21.980000	0.02334869	
22.000000	-0.00049454	
22.020000	-0.02434784	
