Time	Knee_Angle_right X
0.000000	158.73054504	
0.020000	158.93177795	
0.040000	159.06509399	
0.060000	159.63505554	
0.080000	159.02471924	
0.100000	158.49757385	
0.120000	157.46029663	
0.140000	157.56416321	
0.160000	157.83753967	
0.180000	159.05731201	
0.200000	159.07341003	
0.220000	159.32270813	
0.240000	159.01469421	
0.260000	159.95112610	
0.280000	160.38226318	
0.300000	161.31448364	
0.320000	161.09974670	
0.340000	161.84115601	
0.360000	161.91851807	
0.380000	163.00137329	
0.400000	163.27381897	
0.420000	164.00122070	
0.440000	163.52842712	
0.460000	163.87530518	
0.480000	163.76795959	
0.500000	163.44409180	
0.520000	162.38380432	
0.540000	159.98905945	
0.560000	157.84735107	
0.580000	153.37393188	
0.600000	149.49453735	
0.620000	143.16265869	
0.640000	138.97789001	
0.660000	133.43458557	
0.680000	130.16744995	
0.700000	126.65815735	
0.720000	126.27453613	
0.740000	127.29340363	
0.760000	128.86651611	
0.780000	130.26660156	
0.800000	132.07443237	
0.820000	135.60060120	
0.840000	139.69290161	
0.860000	143.88758850	
0.880000	147.59353638	
0.900000	151.36834717	
0.920000	154.34519958	
0.940000	157.27822876	
0.960000	158.16798401	
0.980000	158.62753296	
1.000000	157.97810364	
1.020000	158.18678284	
1.040000	157.93223572	
1.060000	158.23303223	
1.080000	158.42904663	
1.100000	159.60624695	
1.120000	160.66488647	
1.140000	161.88629150	
1.160000	162.38453674	
1.180000	162.61534119	
1.200000	162.96478271	
1.220000	163.72323608	
1.240000	164.39701843	
1.260000	164.87774658	
1.280000	165.15559387	
1.300000	165.69924927	
1.320000	166.46766663	
1.340000	167.32127380	
1.360000	168.05659485	
1.380000	168.62878418	
1.400000	169.12472534	
1.420000	169.53321838	
1.440000	169.62199402	
1.460000	169.42773438	
1.480000	168.80982971	
1.500000	168.02003479	
1.520000	166.95570374	
1.540000	165.38893127	
1.560000	163.27424622	
1.580000	160.27043152	
1.600000	156.73789978	
1.620000	152.34902954	
1.640000	147.78921509	
1.660000	142.97496033	
1.680000	138.54885864	
1.700000	134.68580627	
1.720000	132.13288879	
1.740000	130.86454773	
1.760000	130.88844299	
1.780000	131.65466309	
1.800000	133.22952271	
1.820000	135.31011963	
1.840000	138.23507690	
1.860000	141.89543152	
1.880000	146.02589417	
1.900000	150.10511780	
1.920000	153.56201172	
1.940000	156.46908569	
1.960000	158.40409851	
1.980000	159.53106689	
2.000000	160.03163147	
2.020000	160.81292725	
2.040000	161.49130249	
2.060000	161.71018982	
2.080000	161.02610779	
2.100000	160.28668213	
2.120000	160.50222778	
2.140000	161.64436340	
2.160000	163.00917053	
2.180000	163.67877197	
2.200000	163.65464783	
2.220000	163.89358521	
2.240000	164.46032715	
2.260000	165.08529663	
2.280000	165.32339478	
2.300000	165.27239990	
2.320000	165.27119446	
2.340000	165.45281982	
2.360000	165.92051697	
2.380000	166.52494812	
2.400000	167.05712891	
2.420000	167.58349609	
2.440000	167.81987000	
2.460000	167.72247314	
2.480000	167.01651001	
2.500000	165.72241211	
2.520000	163.89219666	
2.540000	161.14533997	
2.560000	157.64956665	
2.580000	153.32444763	
2.600000	148.78463745	
2.620000	143.94667053	
2.640000	139.31568909	
2.660000	134.94403076	
2.680000	131.79243469	
2.700000	129.80714417	
2.720000	129.28881836	
2.740000	129.70840454	
2.760000	130.96630859	
2.780000	132.67816162	
2.800000	134.99037170	
2.820000	137.93823242	
2.840000	141.40573120	
2.860000	145.33215332	
2.880000	149.12376404	
2.900000	152.73808289	
2.920000	155.69641113	
2.940000	158.12889099	
2.960000	159.68070984	
2.980000	160.29008484	
3.000000	160.30674744	
3.020000	160.23066711	
3.040000	160.24015808	
3.060000	160.01040649	
3.080000	159.32704163	
3.100000	158.99028015	
3.120000	159.32575989	
3.140000	160.36764526	
3.160000	161.16075134	
3.180000	161.52932739	
3.200000	161.72651672	
3.220000	162.24000549	
3.240000	162.97241211	
3.260000	163.65055847	
3.280000	164.06890869	
3.300000	164.34033203	
3.320000	164.60063171	
3.340000	165.03889465	
3.360000	165.72079468	
3.380000	166.35400391	
3.400000	166.84324646	
3.420000	167.34465027	
3.440000	167.72274780	
3.460000	168.03160095	
3.480000	167.79438782	
3.500000	167.24157715	
3.520000	166.45314026	
3.540000	165.27809143	
3.560000	163.83421326	
3.580000	161.44525146	
3.600000	158.58261108	
3.620000	154.80134583	
3.640000	150.52549744	
3.660000	145.69715881	
3.680000	140.86526489	
3.700000	136.22778320	
3.720000	132.30737305	
3.740000	129.59165955	
3.760000	128.38595581	
3.780000	128.68000793	
3.800000	129.99342346	
3.820000	131.94334412	
3.840000	134.44433594	
3.860000	137.54685974	
3.880000	141.29103088	
3.900000	145.38862610	
3.920000	149.32333374	
3.940000	152.92361450	
3.960000	155.58381653	
3.980000	157.55950928	
4.000000	158.51240540	
4.020000	159.15303040	
4.040000	159.81166077	
4.060000	160.72270203	
4.080000	161.03215027	
4.100000	160.25973511	
4.120000	158.92582703	
4.140000	158.94599915	
4.160000	160.44958496	
4.180000	162.63233948	
4.200000	163.50691223	
4.220000	163.52632141	
4.240000	163.51695251	
4.260000	164.29930115	
4.280000	165.28623962	
4.300000	165.94863892	
4.320000	166.06066895	
4.340000	166.38366699	
4.360000	166.87312317	
4.380000	167.68238831	
4.400000	168.07923889	
4.420000	168.38546753	
4.440000	168.50320435	
4.460000	168.80128479	
4.480000	168.89860535	
4.500000	168.51951599	
4.520000	167.42343140	
4.540000	165.62783813	
4.560000	163.33081055	
4.580000	160.13670349	
4.600000	156.39924622	
4.620000	152.03260803	
4.640000	147.44325256	
4.660000	142.37721252	
4.680000	137.38246155	
4.700000	132.84260559	
4.720000	129.74307251	
4.740000	128.08677673	
4.760000	127.89443207	
4.780000	128.61222839	
4.800000	130.01895142	
4.820000	131.92703247	
4.840000	134.35203552	
4.860000	137.56848145	
4.880000	141.36903381	
4.900000	145.69433594	
4.920000	149.75827026	
4.940000	153.38356018	
4.960000	156.17317200	
4.980000	158.31152344	
5.000000	159.58982849	
5.020000	160.12852478	
5.040000	160.14065552	
5.060000	160.33435059	
5.080000	160.31333923	
5.100000	159.69488525	
5.120000	158.58547974	
5.140000	158.18353271	
5.160000	158.96250916	
5.180000	160.48399353	
5.200000	161.51925659	
5.220000	161.92070007	
5.240000	161.99267578	
5.260000	162.48538208	
5.280000	163.19569397	
5.300000	163.82260132	
5.320000	163.94534302	
5.340000	163.99485779	
5.360000	164.21612549	
5.380000	165.05363464	
5.400000	165.97462463	
5.420000	166.95309448	
5.440000	167.48527527	
5.460000	168.23114014	
5.480000	168.75448608	
5.500000	169.10736084	
5.520000	168.79711914	
5.540000	167.99707031	
5.560000	166.87622070	
5.580000	165.18461609	
5.600000	163.17657471	
5.620000	160.55026245	
5.640000	157.35145569	
5.660000	153.48507690	
5.680000	149.13235474	
5.700000	144.32089233	
5.720000	139.48468018	
5.740000	134.94580078	
5.760000	131.65065002	
5.780000	129.78228760	
5.800000	129.24057007	
5.820000	129.71699524	
5.840000	130.65126038	
5.860000	132.07298279	
5.880000	134.15573120	
5.900000	137.05346680	
5.920000	140.71920776	
5.940000	144.74792480	
5.960000	148.54016113	
5.980000	152.17922974	
6.000000	155.25823975	
6.020000	157.94317627	
6.040000	159.38635254	
6.060000	159.77523804	
6.080000	159.56111145	
6.100000	159.66201782	
6.120000	159.78799438	
6.140000	159.65298462	
6.160000	159.19981384	
6.180000	159.42648315	
6.200000	160.67208862	
6.220000	162.40634155	
6.240000	163.50816345	
6.260000	163.80101013	
6.280000	163.61967468	
6.300000	163.89811707	
6.320000	164.57325745	
6.340000	165.40618896	
6.360000	166.01950073	
6.380000	166.49961853	
6.400000	167.12875366	
6.420000	167.83219910	
6.440000	168.36755371	
6.460000	168.86315918	
6.480000	169.21464539	
6.500000	169.46174622	
6.520000	169.35749817	
6.540000	168.77636719	
6.560000	167.78770447	
6.580000	165.99139404	
6.600000	163.61605835	
6.620000	160.39070129	
6.640000	156.37628174	
6.660000	151.39570618	
6.680000	145.69413757	
6.700000	139.78749084	
6.720000	134.29887390	
6.740000	129.66853333	
6.760000	126.64677429	
6.780000	125.35572815	
6.800000	125.52064514	
6.820000	126.43670654	
6.840000	127.71860504	
6.860000	129.59103394	
6.880000	132.35769653	
6.900000	136.30319214	
6.920000	140.95021057	
6.940000	145.78408813	
6.960000	150.02355957	
6.980000	153.67225647	
7.000000	156.54525757	
7.020000	158.64839172	
7.040000	159.66743469	
7.060000	160.29148865	
7.080000	160.70918274	
7.100000	160.85597229	
7.120000	160.34521484	
7.140000	159.72904968	
7.160000	159.97138977	
7.180000	161.36671448	
7.200000	163.01469421	
7.220000	164.17379761	
7.240000	164.69584656	
7.260000	165.44418335	
7.280000	166.53286743	
7.300000	167.69602966	
7.320000	168.48532104	
7.340000	169.15376282	
7.360000	169.76037598	
7.380000	170.50004578	
7.400000	171.26628113	
7.420000	171.93150330	
7.440000	172.45429993	
7.460000	173.02116394	
7.480000	173.43612671	
7.500000	173.56105042	
7.520000	173.15966797	
7.540000	172.34707642	
7.560000	171.49659729	
7.580000	170.15095520	
7.600000	168.70317078	
7.620000	166.52740479	
7.640000	163.72824097	
7.660000	159.69267273	
7.680000	155.00895691	
7.700000	149.90698242	
7.720000	144.81440735	
7.740000	139.54151917	
7.760000	134.56251526	
7.780000	130.46353149	
7.800000	128.06265259	
7.820000	127.50015259	
7.840000	128.23277283	
7.860000	129.63366699	
7.880000	131.51269531	
7.900000	134.15687561	
7.920000	137.67642212	
7.940000	141.92607117	
7.960000	146.57868958	
7.980000	151.14135742	
8.000000	155.15225220	
8.020000	158.35321045	
8.040000	160.47592163	
8.059999	161.52096558	
8.080000	161.92158508	
8.099999	162.12081909	
8.120000	161.97377014	
8.139999	161.54278564	
8.160000	161.09417725	
8.179999	161.54541016	
8.200000	162.82579041	
8.220000	164.28118896	
8.240000	165.19454956	
8.260000	165.59814453	
8.280000	166.15383911	
8.300000	167.07640076	
8.320000	167.88490295	
8.340000	168.20751953	
8.360000	168.37414551	
8.380000	168.74107361	
8.400000	169.50160217	
8.420000	170.09973145	
8.440000	170.44242859	
8.460000	170.68463135	
8.480000	171.01747131	
8.500000	171.37945557	
8.520000	171.26289368	
8.540000	170.79052734	
8.559999	170.05079651	
8.580000	169.02023315	
8.599999	167.82858276	
8.620000	166.00546265	
8.639999	163.73828125	
8.660000	160.50923157	
8.679999	156.82238770	
8.700000	152.17773438	
8.720000	147.14262390	
8.740000	141.64404297	
8.760000	136.72114563	
8.780000	132.42063904	
8.800000	129.50669861	
8.820000	128.03674316	
8.840000	128.04351807	
8.860000	128.85678101	
8.880000	130.09655762	
8.900000	131.87799072	
8.920000	134.51928711	
8.940000	138.17167664	
8.960000	142.61947632	
8.980000	147.33644104	
9.000000	151.69621277	
9.020000	155.43089294	
9.040000	158.31297302	
9.059999	160.36228943	
9.080000	161.05482483	
9.099999	160.85934448	
9.120000	160.37754822	
9.139999	160.20465088	
9.160000	159.95039368	
9.179999	159.40216064	
9.200000	158.94709778	
9.220000	159.60981750	
9.240000	161.53288269	
9.260000	163.56292725	
9.280000	164.44946289	
9.300000	164.37207031	
9.320000	164.53385925	
9.340000	165.48941040	
9.360000	166.59187317	
9.380000	167.30870056	
9.400000	167.65481567	
9.420000	167.95057678	
9.440000	168.48561096	
9.460000	169.05603027	
9.480000	169.64743042	
9.500000	170.04652405	
9.520000	170.28851318	
9.540000	170.44664001	
9.559999	170.23326111	
9.580000	169.53433228	
9.599999	168.24887085	
9.620000	166.47619629	
9.639999	164.35523987	
9.660000	161.21241760	
9.679999	157.32734680	
9.700000	152.55654907	
9.719999	147.70487976	
9.740000	142.46720886	
9.760000	137.26583862	
9.780000	132.32104492	
9.800000	128.58467102	
9.820000	126.35148621	
9.840000	125.75283813	
9.860000	126.51110840	
9.880000	128.33882141	
9.900000	130.86970520	
9.920000	134.07420349	
9.940000	137.97499084	
9.960000	142.35029602	
9.980000	146.88085938	
10.000000	150.81022644	
10.020000	154.31546021	
10.040000	156.82537842	
10.059999	158.45570374	
10.080000	159.03575134	
10.099999	159.50477600	
10.120000	159.95091248	
10.139999	160.02362061	
10.160000	159.25270081	
10.179999	158.23837280	
10.200000	158.19729614	
10.219999	159.47879028	
10.240000	161.44537354	
10.260000	163.11813354	
10.280000	163.85084534	
10.300000	164.57405090	
10.320000	165.48590088	
10.340000	166.54293823	
10.360000	167.09347534	
10.380000	167.31727600	
10.400000	167.42114258	
10.420000	167.75515747	
10.440000	168.05958557	
10.460000	168.40362549	
10.480000	168.62333679	
10.500000	168.86660767	
10.520000	168.99128723	
10.540000	168.76750183	
10.559999	168.22955322	
10.580000	167.32289124	
10.599999	166.42022705	
10.620000	164.87048340	
10.639999	162.81840515	
10.660000	159.64904785	
10.679999	155.99617004	
10.700000	151.78453064	
10.719999	147.41552734	
10.740000	142.69325256	
10.760000	137.93168640	
10.780000	133.55424500	
10.800000	130.16136169	
10.820000	128.31967163	
10.840000	127.88304901	
10.860000	128.58001709	
10.880000	129.83854675	
10.900000	131.44158936	
10.920000	133.70303345	
10.940000	136.66865540	
10.960000	140.42083740	
10.980000	144.59017944	
11.000000	148.54594421	
11.020000	152.25584412	
11.040000	155.28007507	
11.059999	158.12185669	
11.080000	160.15489197	
11.099999	161.19038391	
11.120000	161.30195618	
11.139999	161.30418396	
11.160000	161.37767029	
11.179999	161.38571167	
11.200000	160.69964600	
11.219999	159.87222290	
11.240000	159.66717529	
11.259999	160.70317078	
11.280000	162.21838379	
11.300000	163.21774292	
11.320000	163.31974792	
11.340000	163.62136841	
11.360000	164.51548767	
11.380000	165.67897034	
11.400000	166.51890564	
11.420000	166.88751221	
11.440000	167.13444519	
11.460000	167.56207275	
11.480000	168.20140076	
11.500000	168.94833374	
11.520000	169.44738770	
11.540000	169.82542419	
11.559999	170.05139160	
11.580000	170.15551758	
11.599999	169.89099121	
11.620000	169.19741821	
11.639999	168.43078613	
11.660000	167.14631653	
11.679999	165.77581787	
11.700000	163.39822388	
11.719999	160.61801147	
11.740000	156.67080688	
11.759999	152.48977661	
11.780000	147.46852112	
11.800000	142.31987000	
11.820000	136.85035706	
11.840000	131.77482605	
11.860000	127.67995453	
11.880000	125.18242645	
11.900000	124.36612701	
11.920000	124.84036255	
11.940000	125.94144440	
11.960000	127.74149323	
11.980000	130.24127197	
12.000000	133.50607300	
12.020000	137.74943542	
12.040000	142.44964600	
12.059999	147.40097046	
12.080000	151.76788330	
12.099999	155.52865601	
12.120000	158.36064148	
12.139999	160.13711548	
12.160000	161.19322205	
12.179999	161.97908020	
12.200000	162.23576355	
12.219999	161.71411133	
12.240000	160.59172058	
12.259999	160.41983032	
12.280000	161.58203125	
12.300000	163.49476624	
12.320000	164.72177124	
12.340000	165.11627197	
12.360000	165.14135742	
12.380000	165.60342407	
12.400000	166.13288879	
12.420000	166.57693481	
12.440000	166.64599609	
12.460000	166.85560608	
12.480000	167.14288330	
12.500000	167.75389099	
12.520000	168.15917969	
12.540000	168.62052917	
12.559999	168.71572876	
12.580000	168.93313599	
12.599999	168.70011902	
12.620000	168.22169495	
12.639999	167.29327393	
12.660000	166.09643555	
12.679999	164.78564453	
12.700000	162.93264771	
12.719999	160.87901306	
12.740000	158.27825928	
12.759999	155.41839600	
12.780000	152.15502930	
12.799999	148.50892639	
12.820000	144.24876404	
12.840000	139.95912170	
12.860000	135.97254944	
12.880000	133.10922241	
12.900000	131.33175659	
12.920000	130.74333191	
12.940000	131.22567749	
12.960000	132.42237854	
12.980000	134.30305481	
13.000000	136.45504761	
13.020000	139.22239685	
13.040000	142.33520508	
13.059999	145.83041382	
13.080000	149.24011230	
13.099999	152.43431091	
13.120000	155.01457214	
13.139999	156.83126831	
13.160000	157.82003784	
13.179999	158.62409973	
13.200000	159.65301514	
13.219999	161.03303528	
13.240000	161.69213867	
13.259999	161.37130737	
13.280000	160.74972534	
13.299999	161.35177612	
13.320000	162.98466492	
13.340000	164.61834717	
13.360000	165.06970215	
13.380000	165.11976624	
13.400000	165.33241272	
13.420000	166.16070557	
13.440000	166.73547363	
13.460000	166.83854675	
13.480000	166.60636902	
13.500000	166.70103455	
13.520000	166.91935730	
13.540000	167.20649719	
13.559999	167.13252258	
13.580000	167.12696838	
13.599999	167.13317871	
13.620000	167.17536926	
13.639999	166.89772034	
13.660000	166.19656372	
13.679999	164.98950195	
13.700000	163.25767517	
13.719999	161.31192017	
13.740000	158.87702942	
13.759999	156.00836182	
13.780000	152.30688477	
13.799999	148.20655823	
13.820000	143.75656128	
13.840000	139.58047485	
13.860000	135.66864014	
13.880000	132.60580444	
13.900000	130.83480835	
13.920000	130.47747803	
13.940000	131.41470337	
13.960000	132.84014893	
13.980000	134.75263977	
14.000000	137.10972595	
14.020000	139.97755432	
14.040000	143.41587830	
14.059999	147.18449402	
14.080000	150.85540771	
14.099999	154.20144653	
14.120000	156.55250549	
14.139999	158.04769897	
14.160000	158.52893066	
14.179999	159.27423096	
14.200000	160.34391785	
14.219999	161.70538330	
14.240000	162.05229187	
14.259999	161.71997070	
14.280000	161.68991089	
14.299999	162.83013916	
14.320000	164.49494934	
14.340000	165.66491699	
14.360000	166.06155396	
14.380000	166.30142212	
14.400000	166.58959961	
14.420000	167.26533508	
14.440000	167.58345032	
14.460000	167.74349976	
14.480000	167.51676941	
14.500000	167.58467102	
14.520000	167.73635864	
14.540000	167.82678223	
14.559999	167.72897339	
14.580000	167.44137573	
14.599999	167.01440430	
14.620000	166.26092529	
14.639999	165.45965576	
14.660000	164.23722839	
14.679999	162.46244812	
14.700000	159.77696228	
14.719999	156.05282593	
14.740000	151.61860657	
14.759999	146.46588135	
14.780000	141.38002014	
14.799999	136.23454285	
14.820000	131.81942749	
14.839999	128.69444275	
14.860000	127.27388000	
14.880000	127.17584229	
14.900000	127.66037750	
14.920000	128.79269409	
14.940000	130.29281616	
14.960000	132.88163757	
14.980000	136.09426880	
15.000000	140.20697021	
15.020000	144.30857849	
15.040000	148.40434265	
15.059999	152.33740234	
15.080000	156.00784302	
15.099999	159.47296143	
15.120000	161.89321899	
15.139999	163.13861084	
15.160000	162.92546082	
15.179999	162.55297852	
15.200000	162.08532715	
15.219999	161.66157532	
15.240000	160.89743042	
15.259999	160.06398010	
15.280000	160.15505981	
15.299999	161.44667053	
15.320000	163.25018311	
15.339999	164.48614502	
15.360000	164.66548157	
15.380000	165.02792358	
15.400000	165.77914429	
15.420000	166.92294312	
15.440000	167.62512207	
15.460000	168.04307556	
15.480000	168.19219971	
15.500000	168.74525452	
15.520000	169.23518372	
15.540000	169.77197266	
15.559999	169.81288147	
15.580000	169.67477417	
15.599999	169.22283936	
15.620000	168.64938354	
15.639999	168.02667236	
15.660000	166.80923462	
15.679999	164.87176514	
15.700000	161.52922058	
15.719999	157.27734375	
15.740000	151.97673035	
15.759999	146.58345032	
15.780000	141.35430908	
15.799999	136.80288696	
15.820000	133.11154175	
15.839999	130.73149109	
15.860000	129.86949158	
15.880000	130.29336548	
15.900000	131.52847290	
15.920000	133.58796692	
15.940000	136.37364197	
15.960000	139.89436340	
15.980000	143.97778320	
16.000000	148.09455872	
16.020000	152.19784546	
16.039999	155.66874695	
16.059999	158.84379578	
16.080000	161.21676636	
16.100000	162.52943420	
16.119999	162.86683655	
16.139999	162.75439453	
16.160000	162.29495239	
16.180000	161.51538086	
16.199999	160.42814636	
16.219999	160.11676025	
16.240000	160.73587036	
16.260000	162.09230042	
16.279999	163.24810791	
16.299999	163.92170715	
16.320000	164.11198425	
16.340000	164.49684143	
16.359999	165.08242798	
16.379999	165.69308472	
16.400000	166.01986694	
16.420000	166.22631836	
16.440001	166.89274597	
16.459999	167.77268982	
16.480000	168.62388611	
16.500000	169.21789551	
16.520000	169.54707336	
16.539999	170.01490784	
16.559999	170.00907898	
16.580000	169.57545471	
16.600000	168.59191895	
16.619999	167.05210876	
16.639999	165.11314392	
16.660000	162.16371155	
16.680000	158.96250916	
16.699999	154.97888184	
16.719999	150.83851624	
16.740000	146.18072510	
16.760000	141.69229126	
16.779999	137.27102661	
16.799999	133.68869019	
16.820000	131.14906311	
16.840000	130.12614441	
16.859999	130.19386292	
16.879999	131.13183594	
16.900000	132.50309753	
16.920000	134.30744934	
16.940001	136.78244019	
16.959999	139.89613342	
16.980000	143.53489685	
17.000000	147.05871582	
17.020000	150.51873779	
17.039999	153.33758545	
17.059999	155.73718262	
17.080000	157.37443542	
17.100000	158.52885437	
17.119999	159.21737671	
17.139999	159.88905334	
17.160000	160.52818298	
17.180000	160.94172668	
17.199999	160.73316956	
17.219999	160.42469788	
17.240000	160.57550049	
17.260000	161.64707947	
17.279999	162.95942688	
17.299999	163.75856018	
17.320000	164.07315063	
17.340000	164.56198120	
17.359999	165.45756531	
17.379999	166.54251099	
17.400000	167.28115845	
17.420000	167.81990051	
17.440001	168.16470337	
17.459999	168.64952087	
17.480000	169.23683167	
17.500000	169.80540466	
17.520000	170.12030029	
17.539999	170.38246155	
17.559999	170.52336121	
17.580000	170.43057251	
17.600000	169.89292908	
17.619999	168.83464050	
17.639999	167.47932434	
17.660000	165.61239624	
17.680000	163.54019165	
17.699999	160.83601379	
17.719999	157.51718140	
17.740000	153.41076660	
17.760000	148.93722534	
17.779999	144.16983032	
17.799999	139.39407349	
17.820000	134.77972412	
17.840000	131.31044006	
17.859999	129.23382568	
17.879999	128.88024902	
17.900000	129.70161438	
17.920000	131.38558960	
17.940001	133.83953857	
17.959999	137.01875305	
17.980000	140.96043396	
18.000000	145.24128723	
18.020000	149.61761475	
18.039999	153.37319946	
18.059999	156.33041382	
18.080000	158.26809692	
18.100000	159.41783142	
18.119999	159.71635437	
18.139999	159.80853271	
18.160000	159.58607483	
18.180000	159.18064880	
18.199999	158.56143188	
18.219999	158.55311584	
18.240000	159.50752258	
18.260000	160.83076477	
18.279999	161.71522522	
18.299999	161.80825806	
18.320000	161.66148376	
18.340000	161.82695007	
18.359999	162.59640503	
18.379999	163.48255920	
18.400000	164.34820557	
18.420000	165.19822693	
18.440001	166.08297729	
18.459999	166.98333740	
18.480000	167.71853638	
18.500000	168.41786194	
18.520000	169.10711670	
18.539999	169.69647217	
18.559999	170.03163147	
18.580000	169.85858154	
18.600000	169.20892334	
18.619999	168.18971252	
18.639999	167.10780334	
18.660000	165.70553589	
18.680000	164.40759277	
18.699999	162.73681641	
18.719999	161.35328674	
18.740000	159.62634277	
18.760000	157.87487793	
18.779999	155.33955383	
18.799999	152.24363708	
18.820000	148.38401794	
18.840000	144.12551880	
18.859999	139.57958984	
18.879999	134.79763794	
18.900000	130.34002686	
18.920000	126.97454834	
18.939999	125.25151825	
18.959999	125.17390442	
18.980000	126.14394379	
19.000000	128.06272888	
19.020000	130.76318359	
19.039999	134.39353943	
19.059999	138.89425659	
19.080000	143.72634888	
19.100000	148.37673950	
19.119999	152.14468384	
19.139999	155.35594177	
19.160000	157.73057556	
19.180000	159.03140259	
19.199999	159.38429260	
19.219999	159.38406372	
19.240000	159.24546814	
19.260000	158.98086548	
19.279999	158.43307495	
19.299999	158.73457336	
19.320000	159.68298340	
19.340000	161.06495667	
19.359999	161.86895752	
19.379999	162.22183228	
19.400000	162.56617737	
19.420000	163.45666504	
19.439999	164.51568604	
19.459999	165.49664307	
19.480000	166.27133179	
19.500000	166.97489929	
19.520000	167.57221985	
19.539999	168.20343018	
19.559999	168.75251770	
19.580000	169.19010925	
19.600000	169.39965820	
19.619999	169.63444519	
19.639999	169.55029297	
19.660000	169.06590271	
19.680000	168.16468811	
19.699999	166.96972656	
19.719999	165.38504028	
19.740000	162.88140869	
19.760000	159.75892639	
19.779999	155.55386353	
19.799999	150.76161194	
19.820000	145.30215454	
19.840000	140.13838196	
19.859999	135.06039429	
19.879999	130.82971191	
19.900000	127.63362122	
19.920000	126.39521790	
19.939999	126.54164886	
19.959999	127.76139832	
19.980000	129.56607056	
20.000000	132.17022705	
20.020000	135.40074158	
20.039999	139.25253296	
20.059999	143.56352234	
20.080000	148.00862122	
20.100000	152.23335266	
20.119999	155.66886902	
20.139999	158.20567322	
20.160000	159.28190613	
20.180000	159.47332764	
20.199999	159.30908203	
20.219999	159.25163269	
20.240000	159.09971619	
20.260000	158.67247009	
20.279999	158.44491577	
20.299999	158.86306763	
20.320000	160.13757324	
20.340000	161.86672974	
20.359999	162.88127136	
20.379999	163.36228943	
20.400000	163.60728455	
20.420000	164.45706177	
20.439999	165.44316101	
20.459999	166.30598450	
20.480000	166.84794617	
20.500000	167.40579224	
20.520000	167.98905945	
20.539999	168.92137146	
20.559999	169.63758850	
20.580000	170.30451965	
20.600000	170.55404663	
20.619999	170.70223999	
20.639999	170.46923828	
20.660000	169.69810486	
20.680000	168.34729004	
20.699999	166.52574158	
20.719999	164.30339050	
20.740000	161.45594788	
20.760000	157.96652222	
20.779999	153.70983887	
20.799999	149.00860596	
20.820000	143.79397583	
20.840000	138.62329102	
20.859999	133.55113220	
20.879999	129.40159607	
20.900000	126.52531433	
20.920000	125.32664490	
20.939999	125.44742584	
20.959999	126.65167236	
20.980000	128.37818909	
21.000000	130.97914124	
21.020000	134.14888000	
21.039999	138.25195313	
21.059999	143.00050354	
21.080000	147.85412598	
21.100000	152.55670166	
21.119999	156.17605591	
21.139999	158.71951294	
21.160000	159.50479126	
21.180000	159.92411804	
21.199999	160.12303162	
21.219999	160.43984985	
21.240000	160.09240723	
21.260000	159.31889343	
21.279999	159.28302002	
21.299999	160.43495178	
21.320000	162.27543640	
21.340000	163.41596985	
21.359999	163.55575562	
21.379999	163.69158936	
21.400000	164.31143188	
21.420000	165.39604187	
21.439999	166.13278198	
21.459999	166.70417786	
21.480000	166.91813660	
21.500000	167.42098999	
21.520000	167.80290222	
21.539999	168.39042664	
21.559999	168.71351624	
21.580000	169.21653748	
21.600000	169.40647888	
21.619999	169.65332031	
21.639999	169.43807983	
21.660000	169.03643799	
21.680000	168.28620911	
21.699999	167.12284851	
21.719999	165.74996948	
21.740000	163.67649841	
21.760000	161.51673889	
21.779999	158.38887024	
21.799999	154.86009216	
21.820000	150.50315857	
21.840000	146.06809998	
21.859999	141.55885315	
21.879999	137.72357178	
21.900000	134.62472534	
21.920000	132.68444824	
21.939999	131.70445251	
21.959999	131.69346619	
21.980000	132.32324219	
22.000000	133.53907776	
22.020000	135.13601685	
