Time	Hip_left X
0.000000	76.83867645	
0.020000	78.39269257	
0.040000	79.59504700	
0.060000	80.34515381	
0.080000	80.96925354	
0.100000	81.68224335	
0.120000	82.54698944	
0.140000	83.15583801	
0.160000	83.79269409	
0.180000	84.57533264	
0.200000	85.56011963	
0.220000	86.53273773	
0.240000	87.39035034	
0.260000	88.27397919	
0.280000	89.13033295	
0.300000	89.91008759	
0.320000	90.53620911	
0.340000	91.00872803	
0.360000	91.12072754	
0.380000	90.97014618	
0.400000	90.47961426	
0.420000	89.74583435	
0.440000	88.62805939	
0.460000	87.16669464	
0.480000	85.50397491	
0.500000	83.78427887	
0.520000	82.13490295	
0.540000	80.63365936	
0.560000	79.32945251	
0.580000	78.22895813	
0.600000	77.33303833	
0.620000	76.62628937	
0.640000	76.10354614	
0.660000	75.74132538	
0.680000	75.51367950	
0.700000	75.38860321	
0.720000	75.34436035	
0.740000	75.37996674	
0.760000	75.50232697	
0.780000	75.72050476	
0.800000	76.01420593	
0.820000	76.36177826	
0.840000	76.73017883	
0.860000	77.11467743	
0.880000	77.51336670	
0.900000	77.96022797	
0.920000	78.46710205	
0.940000	79.03837585	
0.960000	79.64599609	
0.980000	80.29311371	
1.000000	81.04449463	
1.020000	82.10772705	
1.040000	83.30398560	
1.060000	84.58730316	
1.080000	85.75760651	
1.100000	86.91709900	
1.120000	87.99320984	
1.140000	88.94286346	
1.160000	89.77440643	
1.180000	90.48304749	
1.200000	91.03293610	
1.220000	91.36274719	
1.240000	91.11290741	
1.260000	90.18084717	
1.280000	88.60021973	
1.300000	86.72360229	
1.320000	84.71277618	
1.340000	82.66628265	
1.360000	80.70267487	
1.380000	78.90583038	
1.400000	77.34366608	
1.420000	76.04106903	
1.440000	75.01260376	
1.460000	74.24670410	
1.480000	73.74539185	
1.500000	73.50079346	
1.520000	73.50408936	
1.540000	73.73088074	
1.560000	74.10823822	
1.580000	74.43859100	
1.600000	74.72772217	
1.620000	75.09059143	
1.640000	75.57804871	
1.660000	76.27777100	
1.680000	76.99468231	
1.700000	78.15257263	
1.720000	78.55319977	
1.740000	78.82119751	
1.760000	78.65264130	
1.780000	79.14580536	
1.800000	79.82318115	
1.820000	80.67660522	
1.840000	81.63932037	
1.860000	82.63507843	
1.880000	83.60420227	
1.900000	84.51011658	
1.920000	85.35157013	
1.940000	86.14346313	
1.960000	86.89115143	
1.980000	87.57778931	
2.000000	88.19903564	
2.020000	88.74748230	
2.040000	89.19892883	
2.060000	89.47390747	
2.080000	89.48339081	
2.100000	89.13098907	
2.120000	88.36774445	
2.140000	87.17960358	
2.160000	85.38494873	
2.180000	83.06017303	
2.200000	80.56823730	
2.220000	78.33990479	
2.240000	76.55286407	
2.260000	75.02895355	
2.280000	73.72679901	
2.300000	72.63256836	
2.320000	71.72976685	
2.340000	70.99465179	
2.360000	70.41819763	
2.380000	69.99128723	
2.400000	69.70293427	
2.420000	69.55812836	
2.440000	69.57491302	
2.460000	69.77814484	
2.480000	70.17119598	
2.500000	70.75102234	
2.520000	71.48692322	
2.540000	72.34391785	
2.560000	73.28329468	
2.580000	74.30651093	
2.600000	75.43347168	
2.620000	76.70051575	
2.640000	78.11006165	
2.660000	79.65863800	
2.680000	81.25875092	
2.700000	82.69559479	
2.720000	83.95917511	
2.740000	85.02125549	
2.760000	86.04470825	
2.780000	87.01388550	
2.800000	87.98529053	
2.820000	88.96215057	
2.840000	89.92172241	
2.860000	90.84742737	
2.880000	91.68354797	
2.900000	92.37549591	
2.920000	92.84072113	
2.940000	93.00737000	
2.960000	92.81591797	
2.980000	92.25114441	
3.000000	91.32289124	
3.020000	90.07173157	
3.040000	88.56926727	
3.060000	86.89707947	
3.080000	85.14106750	
3.100000	83.37616730	
3.120000	81.68344116	
3.140000	80.11283875	
3.160000	78.71388245	
3.180000	77.50386047	
3.200000	76.49741364	
3.220000	75.67551422	
3.240000	75.03118134	
3.260000	74.53348541	
3.280000	74.16980743	
3.300000	73.93018341	
3.320000	73.84187317	
3.340000	73.94421387	
3.360000	74.28837585	
3.380000	74.89696503	
3.400000	75.74246979	
3.420000	76.74886322	
3.440000	77.80876160	
3.460000	78.82467651	
3.480000	79.72740936	
3.500000	80.50193787	
3.520000	81.15892792	
3.540000	81.71722412	
3.560000	82.19631958	
3.580000	82.62705994	
3.600000	83.05247498	
3.620000	83.51502991	
3.640000	84.05110931	
3.660000	84.66656494	
3.680000	85.34588623	
3.700000	86.05818176	
3.720000	86.78151703	
3.740000	87.50140381	
3.760000	88.20285034	
3.780000	88.86905670	
3.800000	89.45806885	
3.820000	89.90608978	
3.840000	90.12349701	
3.860000	90.02774811	
3.880000	89.54488373	
3.900000	88.64422607	
3.920000	87.35409546	
3.940000	85.77087402	
3.960000	84.03874207	
3.980000	82.30469513	
4.000000	80.69657898	
4.020000	79.28591919	
4.040000	78.09902954	
4.060000	77.11670685	
4.080000	76.31347656	
4.100000	75.66208649	
4.120000	75.15307617	
4.140000	74.78028107	
4.160000	74.53796387	
4.180000	74.41145325	
4.200000	74.38932037	
4.220000	74.48895264	
4.240000	74.74745178	
4.260000	75.20366669	
4.280000	75.86816406	
4.300000	76.71728516	
4.320000	77.66512299	
4.340000	78.60455322	
4.360000	79.44417572	
4.380000	80.15938568	
4.400000	80.76413727	
4.420000	81.30646515	
4.440000	81.83130646	
4.460000	82.38777161	
4.480000	82.99751282	
4.500000	83.67673492	
4.520000	84.41828918	
4.540000	85.21531677	
4.560000	86.03470612	
4.580000	86.84745789	
4.600000	87.62097168	
4.620000	88.35435486	
4.640000	89.04605103	
4.660000	89.70510101	
4.680000	90.32130432	
4.700000	90.86657715	
4.720000	91.26797485	
4.740000	91.44152069	
4.760000	91.30529022	
4.780000	90.80715942	
4.800000	89.93473053	
4.820000	88.73620605	
4.840000	87.30509186	
4.860000	85.74532318	
4.880000	84.14463806	
4.900000	82.57431030	
4.920000	81.08896637	
4.940000	79.71627045	
4.960000	78.47512054	
4.980000	77.38669586	
5.000000	76.46609497	
5.020000	75.70594025	
5.040000	75.09796143	
5.060000	74.63159180	
5.080000	74.29399872	
5.100000	74.06815338	
5.120000	73.97472382	
5.140000	74.05436707	
5.160000	74.34433746	
5.180000	74.85579681	
5.200000	75.58625031	
5.220000	76.49398804	
5.240000	77.45809174	
5.260000	78.36524963	
5.280000	79.27634430	
5.300000	80.31462860	
5.320000	81.51844025	
5.340000	82.70908356	
5.360000	83.64451599	
5.380000	84.12277985	
5.400000	84.05481720	
5.420000	83.90837860	
5.440000	84.28379822	
5.460000	85.18257904	
5.480000	86.26456451	
5.500000	87.12022400	
5.520000	87.86707306	
5.540000	88.49121857	
5.560000	88.93584442	
5.580000	89.19190216	
5.600000	89.18176270	
5.620000	88.87915802	
5.640000	88.22171783	
5.660000	87.23821259	
5.680000	85.97566223	
5.700000	84.53231049	
5.720000	83.01355743	
5.740000	81.52482605	
5.760000	80.15748596	
5.780000	78.95614624	
5.800000	77.91046906	
5.820000	77.00736237	
5.840000	76.20877075	
5.860000	75.52085876	
5.880000	74.93219757	
5.900000	74.46171570	
5.920000	74.10456848	
5.940000	73.87857056	
5.960000	73.79977417	
5.980000	73.93088531	
6.000000	74.33702850	
6.020000	75.05075836	
6.040000	76.03619385	
6.060000	77.18730927	
6.080000	78.36725616	
6.100000	79.46012115	
6.120000	80.39648438	
6.140000	81.19151306	
6.160000	81.87506866	
6.180000	82.10057831	
6.200000	82.41140747	
6.220000	82.94334412	
6.240000	83.84485626	
6.260000	84.64205170	
6.280000	85.27763367	
6.300000	86.00268555	
6.320000	86.84582520	
6.340000	87.75849152	
6.360000	88.72081757	
6.380000	89.64934540	
6.400000	90.50587463	
6.420000	91.27084351	
6.440000	91.87483978	
6.460000	92.25321198	
6.480000	92.28274536	
6.500000	91.88989258	
6.520000	90.99441528	
6.540000	89.64198303	
6.560000	87.91997528	
6.580000	85.99638367	
6.600000	83.85079956	
6.620000	81.53008270	
6.640000	79.81334686	
6.660000	78.47215271	
6.680000	77.57957458	
6.700000	76.46524811	
6.720000	75.56011963	
6.740000	74.86319733	
6.760000	74.37102509	
6.780000	74.11704254	
6.800000	74.05618286	
6.820000	74.07153320	
6.840000	74.17309570	
6.860000	74.38150787	
6.880000	74.78212738	
6.900000	75.28157806	
6.920000	75.92790222	
6.940000	76.68529510	
6.960000	77.36736298	
6.980000	77.73279572	
7.000000	77.73600769	
7.020000	77.63134003	
7.040000	77.71832275	
7.060000	78.25328064	
7.080000	79.29986572	
7.100000	80.42813873	
7.120000	81.42858887	
7.140000	82.16800690	
7.160000	82.93330383	
7.180000	83.72612762	
7.200000	84.56851959	
7.220000	85.43521881	
7.240000	86.30255890	
7.260000	87.12702942	
7.280000	87.89694977	
7.300000	88.57685089	
7.320000	89.10579681	
7.340000	89.38751221	
7.360000	89.33601379	
7.380000	88.85690308	
7.400000	87.94735718	
7.420000	86.62162781	
7.440000	84.99103546	
7.460000	83.15408325	
7.480000	81.27942657	
7.500000	79.45455170	
7.520000	77.78363800	
7.540000	76.29176331	
7.560000	75.02285004	
7.580000	73.97244263	
7.600000	73.13955688	
7.620000	72.51046753	
7.640000	72.07643127	
7.660000	71.81725311	
7.680000	71.71059418	
7.700000	71.73631287	
7.720000	71.88879395	
7.740000	72.18132019	
7.760000	72.62204742	
7.780000	73.21177673	
7.800000	73.92098999	
7.820000	74.71105194	
7.840000	75.53390503	
7.860000	76.37349701	
7.880000	77.23391724	
7.900000	78.13977051	
7.920000	79.09259796	
7.940000	80.04808807	
7.960000	80.95503235	
7.980000	81.75850677	
8.000000	82.45646667	
8.020000	83.06204987	
8.040000	83.64468384	
8.059999	84.24861908	
8.080000	84.91535187	
8.099999	85.63249969	
8.120000	86.39215088	
8.139999	87.17466736	
8.160000	87.94919586	
8.179999	88.69327545	
8.200000	89.35279083	
8.220000	89.89741516	
8.240000	90.22788239	
8.260000	90.26876068	
8.280000	89.91693115	
8.300000	89.15602112	
8.320000	87.72735596	
8.340000	85.84909821	
8.360000	83.67407227	
8.380000	81.60178375	
8.400000	79.58988953	
8.420000	77.66514587	
8.440000	75.88316345	
8.460000	74.27593231	
8.480000	72.86042786	
8.500000	71.64490509	
8.520000	70.63674164	
8.540000	69.83972168	
8.559999	69.24758911	
8.580000	68.85324097	
8.599999	68.64624023	
8.620000	68.63339233	
8.639999	68.81413269	
8.660000	69.19883728	
8.679999	69.76729584	
8.700000	70.49717712	
8.720000	71.35129547	
8.740000	72.32704163	
8.760000	73.43889618	
8.780000	74.73486328	
8.800000	76.25662994	
8.820000	77.93204498	
8.840000	79.39724731	
8.860000	80.53927612	
8.880000	81.34573364	
8.900000	82.06205750	
8.920000	82.72133636	
8.940000	83.36790466	
8.960000	84.06197357	
8.980000	84.80331421	
9.000000	85.58114624	
9.020000	86.34517670	
9.040000	87.07723999	
9.059999	87.73538971	
9.080000	88.27542114	
9.099999	88.62117767	
9.120000	88.69097900	
9.139999	88.41783142	
9.160000	87.75053406	
9.179999	86.68920898	
9.200000	85.06270599	
9.220000	83.05155945	
9.240000	80.79846191	
9.260000	78.65821838	
9.280000	76.67578125	
9.300000	74.91152191	
9.320000	73.39929962	
9.340000	72.12251282	
9.360000	71.07198334	
9.380000	70.23312378	
9.400000	69.60246277	
9.420000	69.16365814	
9.440000	68.90288544	
9.460000	68.80239868	
9.480000	68.85079193	
9.500000	69.03986359	
9.520000	69.36354065	
9.540000	69.82642365	
9.559999	70.41474915	
9.580000	71.10528564	
9.599999	71.86228943	
9.620000	72.67833710	
9.639999	73.55242157	
9.660000	74.51296997	
9.679999	75.58982849	
9.700000	76.81089783	
9.719999	78.15633392	
9.740000	79.58865356	
9.760000	81.00878143	
9.780000	82.18612671	
9.800000	83.07138824	
9.820000	83.70238495	
9.840000	84.30514526	
9.860000	84.93910217	
9.880000	85.64309692	
9.900000	86.39405823	
9.920000	87.15820313	
9.940000	87.89249420	
9.960000	88.57975006	
9.980000	89.16853333	
10.000000	89.61278534	
10.020000	89.83987427	
10.040000	89.77111053	
10.059999	89.32733154	
10.080000	88.47589874	
10.099999	87.21725464	
10.120000	85.62734985	
10.139999	83.80271912	
10.160000	81.91076660	
10.179999	80.07244110	
10.200000	78.40920258	
10.219999	76.79916382	
10.240000	75.40287781	
10.260000	73.96950531	
10.280000	73.39781952	
10.300000	73.07939911	
10.320000	73.22241211	
10.340000	73.05339813	
10.360000	73.02353668	
10.380000	73.10931396	
10.400000	73.30477905	
10.420000	73.60643005	
10.440000	74.00026703	
10.460000	74.45539856	
10.480000	74.93273163	
10.500000	75.39838409	
10.520000	75.85198975	
10.540000	76.33081055	
10.559999	76.89703369	
10.580000	77.59108734	
10.599999	78.40320587	
10.620000	79.28165436	
10.639999	80.17093658	
10.660000	80.89373016	
10.679999	81.73603821	
10.700000	82.56639099	
10.719999	83.55704498	
10.740000	84.44007874	
10.760000	85.32707977	
10.780000	86.21513367	
10.800000	87.07959747	
10.820000	87.93568420	
10.840000	88.73276520	
10.860000	89.45930481	
10.880000	90.02872467	
10.900000	90.35129547	
10.920000	90.28160858	
10.940000	89.73889923	
10.960000	88.66804504	
10.980000	86.75217438	
11.000000	84.83040619	
11.020000	82.70306396	
11.040000	80.86884308	
11.059999	78.77482605	
11.080000	76.86830139	
11.099999	75.20097351	
11.120000	73.79698181	
11.139999	72.66088867	
11.160000	71.78896332	
11.179999	71.16175079	
11.200000	70.75210571	
11.219999	70.51995087	
11.240000	70.42981720	
11.259999	70.46412659	
11.280000	70.62680054	
11.300000	70.92747498	
11.320000	71.36148071	
11.340000	71.90901947	
11.360000	72.53824615	
11.380000	73.22883606	
11.400000	73.98632813	
11.420000	74.84519196	
11.440000	75.83941650	
11.460000	76.97161865	
11.480000	78.20217133	
11.500000	79.48173523	
11.520000	80.76464844	
11.540000	81.98816681	
11.559999	83.11441803	
11.580000	84.14907837	
11.599999	85.11566925	
11.620000	86.03601837	
11.639999	86.92015076	
11.660000	87.80937195	
11.679999	88.67417145	
11.700000	89.45512390	
11.719999	90.03946686	
11.740000	90.35784912	
11.759999	90.30656433	
11.780000	89.83935547	
11.800000	88.93302917	
11.820000	87.64936829	
11.840000	86.09899902	
11.860000	84.42004395	
11.880000	82.75481415	
11.900000	81.21140289	
11.920000	79.86518860	
11.940000	78.73861694	
11.960000	77.83452606	
11.980000	77.13055420	
12.000000	76.60969543	
12.020000	76.24394989	
12.040000	76.01332092	
12.059999	75.89004517	
12.080000	75.86209869	
12.099999	75.93391418	
12.120000	76.12874603	
12.139999	76.46539307	
12.160000	76.94266510	
12.179999	77.53747559	
12.200000	78.20514679	
12.219999	78.90312958	
12.240000	79.61495209	
12.259999	80.35823059	
12.280000	81.15912628	
12.300000	82.03179169	
12.320000	82.95558167	
12.340000	83.87027740	
12.360000	84.73854828	
12.380000	85.56225586	
12.400000	86.37154388	
12.420000	87.19373322	
12.440000	88.03811646	
12.460000	88.88430023	
12.480000	89.66050720	
12.500000	90.27877808	
12.520000	90.65090179	
12.540000	90.70670319	
12.559999	90.36878204	
12.580000	89.60269165	
12.599999	88.41648102	
12.620000	86.88964844	
12.639999	85.15679932	
12.660000	83.36792755	
12.679999	81.65911102	
12.700000	80.11920929	
12.719999	78.79933929	
12.740000	77.70889282	
12.759999	76.84331512	
12.780000	76.17903137	
12.799999	75.70470428	
12.820000	75.40097046	
12.840000	75.25344849	
12.860000	75.24160004	
12.880000	75.35635376	
12.900000	75.58309174	
12.920000	75.89972687	
12.940000	76.27293396	
12.960000	76.66553497	
12.980000	77.05923462	
13.000000	77.45980835	
13.020000	77.90985107	
13.040000	78.45872498	
13.059999	79.14657593	
13.080000	79.96578979	
13.099999	80.87580109	
13.120000	81.82347107	
13.139999	82.78755951	
13.160000	83.76790619	
13.179999	84.77726746	
13.200000	85.81599426	
13.219999	86.89489746	
13.240000	87.95996857	
13.259999	88.95139313	
13.280000	89.78530884	
13.299999	90.43482971	
13.320000	90.63643646	
13.340000	90.35213470	
13.360000	89.59650421	
13.380000	88.62149048	
13.400000	87.45270538	
13.420000	86.06913757	
13.440000	84.49153137	
13.460000	82.77569580	
13.480000	81.00789642	
13.500000	79.27744293	
13.520000	77.67583466	
13.540000	76.27594757	
13.559999	75.13262177	
13.580000	74.26035309	
13.599999	73.64587402	
13.620000	73.24999237	
13.639999	73.02859497	
13.660000	72.94219208	
13.679999	72.96121216	
13.700000	73.06745148	
13.719999	73.24172974	
13.740000	73.47785187	
13.759999	73.77719879	
13.780000	74.15197754	
13.799999	74.59857941	
13.820000	75.10597229	
13.840000	75.64866638	
13.860000	76.21395111	
13.880000	76.80530548	
13.900000	77.45835114	
13.920000	78.21085358	
13.940000	79.07972717	
13.960000	80.04179382	
13.980000	81.06003571	
14.000000	82.09412384	
14.020000	83.11231232	
14.040000	84.10537720	
14.059999	85.07262421	
14.080000	86.01901245	
14.099999	86.94713593	
14.120000	87.82978821	
14.139999	88.65827942	
14.160000	89.39805603	
14.179999	90.00180054	
14.200000	90.36820984	
14.219999	90.40927124	
14.240000	90.04569244	
14.259999	89.24761200	
14.280000	88.03112793	
14.299999	86.48389435	
14.320000	84.73926544	
14.340000	82.92555237	
14.360000	81.19143677	
14.380000	79.63713074	
14.400000	78.27816010	
14.420000	77.12900543	
14.440000	76.15913391	
14.460000	75.32908630	
14.480000	74.57775116	
14.500000	73.93048859	
14.520000	73.42043304	
14.540000	73.05722809	
14.559999	72.83806610	
14.580000	72.78852081	
14.599999	72.93110657	
14.620000	73.24455261	
14.639999	73.74327087	
14.660000	74.42106628	
14.679999	75.24049377	
14.700000	76.17903137	
14.719999	77.42308807	
14.740000	78.64647675	
14.759999	79.49323273	
14.780000	79.68569183	
14.799999	79.68503571	
14.820000	80.11775208	
14.839999	81.32462311	
14.860000	82.76956940	
14.880000	84.06642914	
14.900000	84.89072418	
14.920000	85.61743164	
14.940000	86.33864594	
14.960000	87.11521912	
14.980000	88.00434113	
15.000000	88.97254181	
15.020000	90.03325653	
15.040000	91.17243958	
15.059999	92.38087463	
15.080000	93.59400940	
15.099999	94.71388245	
15.120000	95.58420563	
15.139999	96.06050110	
15.160000	96.00287628	
15.179999	95.34410095	
15.200000	94.09439850	
15.219999	92.36179352	
15.240000	90.29942322	
15.259999	88.06819153	
15.280000	85.81394958	
15.299999	83.63288879	
15.320000	81.62011719	
15.339999	79.84897614	
15.360000	78.37406921	
15.380000	77.20886230	
15.400000	76.34809875	
15.420000	75.75017548	
15.440000	75.34786987	
15.460000	75.05648804	
15.480000	74.81970978	
15.500000	74.62635803	
15.520000	74.52456665	
15.540000	74.58283997	
15.559999	74.86014557	
15.580000	75.50259399	
15.599999	76.18380737	
15.620000	76.94565582	
15.639999	77.54223633	
15.660000	78.24675751	
15.679999	78.96752167	
15.700000	79.78848267	
15.719999	80.68705750	
15.740000	81.62579346	
15.759999	82.52819824	
15.780000	83.39368439	
15.799999	84.19262695	
15.820000	85.01323700	
15.839999	85.89002991	
15.860000	86.84985352	
15.880000	87.78646088	
15.900000	88.62890625	
15.920000	89.27416992	
15.940000	89.64275360	
15.960000	89.65585327	
15.980000	89.26419067	
16.000000	88.08466339	
16.020000	86.18277740	
16.039999	83.81332397	
16.059999	81.61543274	
16.080000	79.79457092	
16.100000	78.36140442	
16.119999	77.28614044	
16.139999	76.49483490	
16.160000	75.89600372	
16.180000	75.35099030	
16.199999	74.69753265	
16.219999	74.09241486	
16.240000	73.70624542	
16.260000	73.60306549	
16.279999	73.78040314	
16.299999	73.97814941	
16.320000	74.39582825	
16.340000	74.97269440	
16.359999	75.62623596	
16.379999	76.15137482	
16.400000	76.43833160	
16.420000	76.75675201	
16.440001	77.23201752	
16.459999	77.90062714	
16.480000	78.73504639	
16.500000	79.67088318	
16.520000	80.63931274	
16.539999	81.61794281	
16.559999	82.61926270	
16.580000	83.68886566	
16.600000	84.85437012	
16.619999	86.06605530	
16.639999	87.12380981	
16.660000	87.99815369	
16.680000	88.72621918	
16.699999	89.42807770	
16.719999	89.99782562	
16.740000	90.16301727	
16.760000	90.19633484	
16.779999	89.89070892	
16.799999	89.38353729	
16.820000	88.30995178	
16.840000	86.88535309	
16.859999	85.19596100	
16.879999	83.35971069	
16.900000	81.49378967	
16.920000	79.70738983	
16.940001	78.06863403	
16.959999	76.62242126	
16.980000	75.38099670	
17.000000	74.36051941	
17.020000	73.56548309	
17.039999	73.01027679	
17.059999	72.69225311	
17.080000	72.59795380	
17.100000	72.69127655	
17.119999	72.92684937	
17.139999	73.26016998	
17.160000	73.66072845	
17.180000	74.11925507	
17.199999	74.62558746	
17.219999	75.17159271	
17.240000	75.74108124	
17.260000	76.33441925	
17.279999	76.95340729	
17.299999	77.62271881	
17.320000	78.36328888	
17.340000	79.19633484	
17.359999	80.09700775	
17.379999	81.01033783	
17.400000	81.89600372	
17.420000	82.72676086	
17.440001	83.52072144	
17.459999	84.27815247	
17.480000	85.05784607	
17.500000	85.85408783	
17.520000	86.69286346	
17.539999	87.53811646	
17.559999	88.41527557	
17.580000	89.27813721	
17.600000	90.10686493	
17.619999	90.83921814	
17.639999	91.41598511	
17.660000	91.74438477	
17.680000	91.70156097	
17.699999	91.07147980	
17.719999	89.82894897	
17.740000	87.88477325	
17.760000	85.49143982	
17.779999	82.82054901	
17.799999	80.17484283	
17.820000	77.69734192	
17.840000	75.44985199	
17.859999	73.46041107	
17.879999	71.73823547	
17.900000	70.27906799	
17.920000	69.08000183	
17.940001	68.13923645	
17.959999	67.45809174	
17.980000	67.02429199	
18.000000	66.81195831	
18.020000	66.79685974	
18.039999	66.96669006	
18.059999	67.32952118	
18.080000	67.88803101	
18.100000	68.64292145	
18.119999	69.56219482	
18.139999	70.60580444	
18.160000	71.72344971	
18.180000	72.91226196	
18.199999	74.19768524	
18.219999	75.63274384	
18.240000	77.22703552	
18.260000	78.95347595	
18.279999	80.73323822	
18.299999	82.45439148	
18.320000	83.91367340	
18.340000	85.10344696	
18.359999	86.08077240	
18.379999	87.00332642	
18.400000	87.88784027	
18.420000	88.74560547	
18.440001	89.58206177	
18.459999	90.39768982	
18.480000	91.11830139	
18.500000	91.75192261	
18.520000	92.00016022	
18.539999	91.77281952	
18.559999	90.93439484	
18.580000	89.68681335	
18.600000	88.12164307	
18.619999	86.34452820	
18.639999	84.50795746	
18.660000	82.73065948	
18.680000	81.11081696	
18.699999	79.68906403	
18.719999	78.49023438	
18.740000	77.50755310	
18.760000	76.74338531	
18.779999	76.18924713	
18.799999	75.84420013	
18.820000	75.68412781	
18.840000	75.67744446	
18.859999	75.78695679	
18.879999	75.98669434	
18.900000	76.26429749	
18.920000	76.61328888	
18.939999	77.02928925	
18.959999	77.49388885	
18.980000	77.98975372	
19.000000	78.49520111	
19.020000	79.01317596	
19.039999	79.55465698	
19.059999	80.14571381	
19.080000	80.78553772	
19.100000	81.45832825	
19.119999	82.12789917	
19.139999	82.77371979	
19.160000	83.42902374	
19.180000	84.30300140	
19.199999	85.42179871	
19.219999	86.59007263	
19.240000	87.63564301	
19.260000	88.53446960	
19.279999	89.42736053	
19.299999	90.29597473	
19.320000	91.10120392	
19.340000	91.80200195	
19.359999	92.33578491	
19.379999	92.65026093	
19.400000	92.68706512	
19.420000	92.39682007	
19.439999	91.73162079	
19.459999	90.66082764	
19.480000	89.17127228	
19.500000	87.30169678	
19.520000	85.16329193	
19.539999	82.90021515	
19.559999	80.66254425	
19.580000	78.56695557	
19.600000	76.69033813	
19.619999	75.06259155	
19.639999	73.69438171	
19.660000	72.58554840	
19.680000	71.73578644	
19.699999	71.13079834	
19.719999	70.74762726	
19.740000	70.55335236	
19.760000	70.51506042	
19.779999	70.60832977	
19.799999	70.82961273	
19.820000	71.19509125	
19.840000	71.71118927	
19.859999	72.36576843	
19.879999	73.12269592	
19.900000	73.94544220	
19.920000	74.80198669	
19.939999	75.69039154	
19.959999	76.62815094	
19.980000	77.64549255	
20.000000	78.75004578	
20.020000	79.85167694	
20.039999	80.99538422	
20.059999	82.08637238	
20.080000	83.13778687	
20.100000	84.03493500	
20.119999	84.84659576	
20.139999	85.66174316	
20.160000	86.48353577	
20.180000	87.33076477	
20.199999	88.14874268	
20.219999	88.92713165	
20.240000	89.56453705	
20.260000	89.96424866	
20.279999	90.02375793	
20.299999	89.68106079	
20.320000	88.60153961	
20.340000	86.95140076	
20.359999	84.83338928	
20.379999	82.52221680	
20.400000	80.02746582	
20.420000	77.50712585	
20.439999	75.28294373	
20.459999	73.43183899	
20.480000	71.95478821	
20.500000	70.83099365	
20.520000	70.04965973	
20.539999	69.59893036	
20.559999	69.46576691	
20.580000	69.61801910	
20.600000	70.00294495	
20.619999	70.56567383	
20.639999	71.24410248	
20.660000	71.99837494	
20.680000	72.80406952	
20.699999	73.66978455	
20.719999	74.58874512	
20.740000	75.54454041	
20.760000	76.49542236	
20.779999	77.40988159	
20.799999	78.25888824	
20.820000	79.03782654	
20.840000	79.74488068	
20.859999	80.38144684	
20.879999	80.90744781	
20.900000	81.37197876	
20.920000	82.07503510	
20.939999	82.92898560	
20.959999	83.99248505	
20.980000	84.80099487	
21.000000	85.55181885	
21.020000	86.14400482	
21.039999	86.82388306	
21.059999	87.53762054	
21.080000	88.30319214	
21.100000	89.03355408	
21.119999	89.66955566	
21.139999	90.15908813	
21.160000	90.39756012	
21.180000	90.29768372	
21.199999	89.76975250	
21.219999	88.74988556	
21.240000	87.24435425	
21.260000	85.33843231	
21.279999	83.22933197	
21.299999	80.75280762	
21.320000	78.51792145	
21.340000	76.69618225	
21.359999	75.61599731	
21.379999	74.78945923	
21.400000	74.06671906	
21.420000	73.44435883	
21.439999	72.92656708	
21.459999	72.51448822	
21.480000	72.20008850	
21.500000	71.97939301	
21.520000	71.84632111	
21.539999	71.81182098	
21.559999	71.88912964	
21.580000	72.10526276	
21.600000	72.45614624	
21.619999	72.92133331	
21.639999	73.45595551	
21.660000	74.03536987	
21.680000	74.66015625	
21.699999	75.37710571	
21.719999	76.24538422	
21.740000	77.30597687	
21.760000	78.55154419	
21.779999	79.93510437	
21.799999	81.40385437	
21.820000	82.87890625	
21.840000	84.14226532	
21.859999	85.15566254	
21.879999	85.94858551	
21.900000	86.71566010	
21.920000	87.49068451	
21.939999	88.29029846	
21.959999	89.09086609	
21.980000	90.02365875	
22.000000	90.82250214	
22.020000	91.51152039	
