Time	Right_Heel_y_baseline X
0.000000	-0.03758554	
0.020000	-0.02292411	
0.040000	-0.00534463	
0.060000	0.01598808	
0.080000	0.03922924	
0.100000	0.05867172	
0.120000	0.07025094	
0.140000	0.07395484	
0.160000	0.07012935	
0.180000	0.05667259	
0.200000	0.03520805	
0.220000	0.00683233	
0.240000	-0.01907344	
0.260000	-0.03907476	
0.280000	-0.04895598	
0.300000	-0.05026588	
0.320000	-0.04490593	
0.340000	-0.03402168	
0.360000	-0.01957066	
0.380000	-0.00168352	
0.400000	0.01807217	
0.420000	0.03874184	
0.440000	0.05717616	
0.460000	0.07212582	
0.480000	0.08061588	
0.500000	0.08260334	
0.520000	0.07633124	
0.540000	0.06113347	
0.560000	0.03910252	
0.580000	0.01112106	
0.600000	-0.01506372	
0.620000	-0.03572010	
0.640000	-0.04573497	
0.660000	-0.04797812	
0.680000	-0.04258870	
0.700000	-0.03276233	
0.720000	-0.01700450	
0.740000	0.00144497	
0.760000	0.02147801	
0.780000	0.04055735	
0.800000	0.05336950	
0.820000	0.05791678	
0.840000	0.05157467	
0.860000	0.03397164	
0.880000	0.00921876	
0.900000	-0.02005130	
0.920000	-0.03999060	
0.940000	-0.05128776	
0.960000	-0.05013487	
0.980000	-0.04467584	
1.000000	-0.03465073	
1.020000	-0.02159026	
1.040000	-0.00591452	
1.060000	0.01246719	
1.080000	0.03082761	
1.100000	0.04756413	
1.120000	0.06007721	
1.140000	0.06611349	
1.160000	0.06398683	
1.180000	0.05258242	
1.200000	0.03456958	
1.220000	0.01128790	
1.240000	-0.01108614	
1.260000	-0.03242356	
1.280000	-0.04510573	
1.300000	-0.05088735	
1.320000	-0.04924400	
1.340000	-0.04271357	
1.360000	-0.03277625	
1.380000	-0.01687656	
1.400000	0.00063208	
1.420000	0.02022277	
1.440000	0.03711609	
1.460000	0.04970348	
1.480000	0.05495615	
1.500000	0.05099413	
1.520000	0.03736582	
1.540000	0.01471892	
1.560000	-0.00951894	
1.580000	-0.03208354	
1.600000	-0.04481360	
1.620000	-0.05085234	
1.640000	-0.04854085	
1.660000	-0.04250067	
1.680000	-0.03346673	
1.700000	-0.02179292	
1.720000	-0.00925528	
1.740000	0.00557546	
1.760000	0.01774669	
1.780000	0.02740867	
1.800000	0.03107613	
1.820000	0.02880924	
1.840000	0.01914706	
1.860000	0.00173318	
1.880000	-0.01807675	
1.900000	-0.03665477	
1.920000	-0.04744384	
1.940000	-0.05029166	
1.960000	-0.04780740	
1.980000	-0.04073429	
2.000000	-0.03160965	
2.020000	-0.01670380	
2.040000	-0.00106347	
2.060000	0.01740360	
2.080000	0.03032691	
2.100000	0.03818627	
2.120000	0.03616136	
2.140000	0.02523472	
2.160000	0.00653408	
2.180000	-0.01659265	
2.200000	-0.03576185	
2.220000	-0.04678346	
2.240000	-0.05013487	
2.260000	-0.04568666	
2.280000	-0.03903300	
2.300000	-0.02626362	
2.320000	-0.01181816	
2.340000	0.00649069	
2.360000	0.02353814	
2.380000	0.04105683	
2.400000	0.05328824	
2.420000	0.05795383	
2.440000	0.05182686	
2.460000	0.03532084	
2.480000	0.01398547	
2.500000	-0.01172543	
2.520000	-0.03241290	
2.540000	-0.04583979	
2.560000	-0.05046751	
2.580000	-0.04774803	
2.600000	-0.04197478	
2.620000	-0.03133433	
2.640000	-0.01957394	
2.660000	-0.00482284	
2.680000	0.00950965	
2.700000	0.02210891	
2.720000	0.02879409	
2.740000	0.02738000	
2.760000	0.01678008	
2.780000	-0.00210090	
2.800000	-0.02276690	
2.820000	-0.03997852	
2.840000	-0.04852447	
2.860000	-0.05038910	
2.880000	-0.04757485	
2.900000	-0.03956400	
2.920000	-0.02886745	
2.940000	-0.01369487	
2.960000	0.00075266	
2.980000	0.01756839	
3.000000	0.03075802	
3.020000	0.04033402	
3.040000	0.04253457	
3.060000	0.03498881	
3.080000	0.01881851	
3.100000	-0.00408264	
3.120000	-0.02456214	
3.140000	-0.04000248	
3.160000	-0.04765877	
3.180000	-0.04846939	
3.200000	-0.04341835	
3.220000	-0.03389496	
3.240000	-0.02187541	
3.260000	-0.00612208	
3.280000	0.00961220	
3.300000	0.02579581	
3.320000	0.03822803	
3.340000	0.04501885	
3.360000	0.04265269	
3.380000	0.02855992	
3.400000	0.00702885	
3.420000	-0.01916187	
3.440000	-0.03860641	
3.460000	-0.04859099	
3.480000	-0.04806818	
3.500000	-0.04284212	
3.520000	-0.03517619	
3.540000	-0.02417791	
3.560000	-0.00948781	
3.580000	0.00858009	
3.600000	0.02760293	
3.620000	0.04519940	
3.640000	0.05927682	
3.660000	0.06670836	
3.680000	0.06798755	
3.700000	0.05969196	
3.720000	0.04446369	
3.740000	0.02174678	
3.760000	-0.00267079	
3.780000	-0.02540858	
3.800000	-0.04167265	
3.820000	-0.04806101	
3.840000	-0.04806101	
3.860000	-0.04266648	
3.880000	-0.03607176	
3.900000	-0.02431855	
3.920000	-0.01083210	
3.940000	0.00628086	
3.960000	0.02260163	
3.980000	0.03769314	
4.000000	0.04626017	
4.020000	0.04682392	
4.040000	0.03641314	
4.060000	0.01705663	
4.080000	-0.00588955	
4.100000	-0.02829182	
4.120000	-0.04130971	
4.140000	-0.04776891	
4.160000	-0.04627825	
4.180000	-0.04057789	
4.200000	-0.03113720	
4.220000	-0.01610176	
4.240000	-0.00026636	
4.260000	0.01944265	
4.280000	0.03692920	
4.300000	0.05176422	
4.320000	0.05912247	
4.340000	0.05511644	
4.360000	0.03961878	
4.380000	0.01486979	
4.400000	-0.01057439	
4.420000	-0.03174599	
4.440000	-0.04316513	
4.460000	-0.04762787	
4.480000	-0.04580437	
4.500000	-0.03981477	
4.520000	-0.02943243	
4.540000	-0.01432617	
4.560000	0.00137208	
4.580000	0.01925514	
4.600000	0.03473867	
4.620000	0.04721040	
4.640000	0.05329540	
4.660000	0.05041604	
4.680000	0.03823213	
4.700000	0.01636126	
4.720000	-0.00797220	
4.740000	-0.03096525	
4.760000	-0.04428937	
4.780000	-0.04932874	
4.800000	-0.04686248	
4.820000	-0.03909646	
4.840000	-0.02784230	
4.860000	-0.01068532	
4.880000	0.00685649	
4.900000	0.02699025	
4.920000	0.04458673	
4.940000	0.06017116	
4.960000	0.06910031	
4.980000	0.07072647	
5.000000	0.06251850	
5.020000	0.04468846	
5.040000	0.02065838	
5.060000	-0.00626661	
5.080000	-0.02925210	
5.100000	-0.04276350	
5.120000	-0.04728068	
5.140000	-0.04309165	
5.160000	-0.03780110	
5.180000	-0.02677949	
5.200000	-0.01371923	
5.220000	0.00483976	
5.240000	0.02339403	
5.260000	0.04274358	
5.280000	0.05855709	
5.300000	0.06873082	
5.320000	0.07058482	
5.340000	0.06064751	
5.360000	0.04203755	
5.380000	0.01493611	
5.400000	-0.01110087	
5.420000	-0.03251158	
5.440000	-0.04312870	
5.460000	-0.04680476	
5.480000	-0.04289001	
5.500000	-0.03524251	
5.520000	-0.02189814	
5.540000	-0.00343147	
5.560000	0.01763983	
5.580000	0.04199190	
5.600000	0.06431538	
5.620000	0.08617254	
5.640000	0.09943299	
5.660000	0.10468566	
5.680000	0.09841377	
5.700000	0.08114503	
5.720000	0.05464562	
5.740000	0.02160370	
5.760000	-0.00816114	
5.780000	-0.03161928	
5.800000	-0.04279114	
5.820000	-0.04718755	
5.840000	-0.04335591	
5.860000	-0.03573298	
5.880000	-0.02284469	
5.900000	-0.00672965	
5.920000	0.01085249	
5.940000	0.03022415	
5.960000	0.04677459	
5.980000	0.06023504	
6.000000	0.06677754	
6.020000	0.06483573	
6.040000	0.05181765	
6.060000	0.02987779	
6.080000	0.00334543	
6.100000	-0.02149324	
6.120000	-0.03802545	
6.140000	-0.04577653	
6.160000	-0.04568216	
6.180000	-0.03964302	
6.200000	-0.02982505	
6.220000	-0.01383898	
6.240000	0.00347500	
6.260000	0.02454221	
6.280000	0.04347887	
6.300000	0.05963894	
6.320000	0.06877381	
6.340000	0.07007715	
6.360000	0.06037649	
6.380000	0.04104372	
6.400000	0.01541758	
6.420000	-0.01078543	
6.440000	-0.03038020	
6.460000	-0.04164256	
6.480000	-0.04463613	
6.500000	-0.04185382	
6.520000	-0.03397356	
6.540000	-0.02117349	
6.560000	-0.00676425	
6.580000	0.00715740	
6.600000	0.01560427	
6.620000	0.01534879	
6.640000	0.00504118	
6.660000	-0.01167957	
6.680000	-0.02793728	
6.700000	-0.03976297	
6.720000	-0.04486109	
6.740000	-0.04643384	
6.760000	-0.04618533	
6.780000	-0.04275040	
6.800000	-0.03849894	
6.820000	-0.03014950	
6.840000	-0.02025744	
6.860000	-0.00469100	
6.880000	0.01176362	
6.900000	0.03028310	
6.920000	0.04676374	
6.940000	0.06150358	
6.960000	0.06986017	
6.980000	0.07341463	
7.000000	0.07124212	
7.020000	0.06144033	
7.040000	0.04399575	
7.060000	0.01974622	
7.080000	-0.00523245	
7.100000	-0.02793933	
7.120000	-0.04107307	
7.140000	-0.04663792	
7.160000	-0.04524656	
7.180000	-0.04026593	
7.200000	-0.03132266	
7.220000	-0.01721147	
7.240000	-0.00228289	
7.260000	0.01362581	
7.280000	0.02651820	
7.300000	0.03643300	
7.320000	0.04149182	
7.340000	0.03924991	
7.360000	0.02915458	
7.380000	0.01010083	
7.400000	-0.01114960	
7.420000	-0.03121376	
7.440000	-0.04206240	
7.460000	-0.04716769	
7.480000	-0.04645349	
7.500000	-0.04164296	
7.520000	-0.03296459	
7.540000	-0.01841450	
7.560000	-0.00283416	
7.580000	0.01518892	
7.600000	0.03223719	
7.620000	0.04780138	
7.640000	0.05773868	
7.660000	0.06229332	
7.680000	0.05789671	
7.700000	0.04398469	
7.720000	0.02088027	
7.740000	-0.00697939	
7.760000	-0.03039679	
7.780000	-0.04415999	
7.800000	-0.04694805	
7.820000	-0.04270209	
7.840000	-0.03687687	
7.860000	-0.02702595	
7.880000	-0.01527272	
7.900000	-0.00082152	
7.920000	0.01325059	
7.940000	0.02965590	
7.960000	0.04370322	
7.980000	0.05345589	
8.000000	0.05574201	
8.020000	0.05081297	
8.040000	0.03862987	
8.059999	0.01955544	
8.080000	-0.00269720	
8.099999	-0.02451424	
8.120000	-0.04041393	
8.139999	-0.04731447	
8.160000	-0.04735950	
8.179999	-0.04249576	
8.200000	-0.03824899	
8.220000	-0.02975710	
8.240000	-0.02070861	
8.260000	-0.00508076	
8.280000	0.01081892	
8.300000	0.02974719	
8.320000	0.04496276	
8.340000	0.05747646	
8.360000	0.06306403	
8.380000	0.06228104	
8.400000	0.05525277	
8.420000	0.04059686	
8.440000	0.02020169	
8.460000	-0.00470656	
8.480000	-0.02620754	
8.500000	-0.04013185	
8.520000	-0.04555239	
8.540000	-0.04318643	
8.559999	-0.03852820	
8.580000	-0.02983263	
8.599999	-0.02027403	
8.620000	-0.00591022	
8.639999	0.00878581	
8.660000	0.02416699	
8.679999	0.03657793	
8.700000	0.04536869	
8.720000	0.04919970	
8.740000	0.04418366	
8.760000	0.03232829	
8.780000	0.01157039	
8.800000	-0.00901434	
8.820000	-0.02938391	
8.840000	-0.04129866	
8.860000	-0.04775806	
8.880000	-0.04672083	
8.900000	-0.04048762	
8.920000	-0.03087416	
8.940000	-0.01584896	
8.960000	0.00032176	
8.980000	0.02109358	
9.000000	0.04084946	
9.020000	0.05933271	
9.040000	0.07037663	
9.059999	0.07317717	
9.080000	0.06661849	
9.099999	0.04967789	
9.120000	0.02501487	
9.139999	-0.00314079	
9.160000	-0.02663538	
9.179999	-0.04007249	
9.200000	-0.04518309	
9.220000	-0.04209372	
9.240000	-0.03726907	
9.260000	-0.02740076	
9.280000	-0.01562931	
9.300000	0.00043619	
9.320000	0.01662941	
9.340000	0.03321343	
9.360000	0.04679444	
9.380000	0.05436026	
9.400000	0.05529863	
9.420000	0.04534842	
9.440000	0.02837753	
9.460000	0.00358963	
9.480000	-0.01941898	
9.500000	-0.03701054	
9.520000	-0.04523203	
9.540000	-0.04660414	
9.559999	-0.04275736	
9.580000	-0.03507528	
9.599999	-0.02349482	
9.620000	-0.00785735	
9.639999	0.00882860	
9.660000	0.02852266	
9.679999	0.04612609	
9.700000	0.06358132	
9.719999	0.07346806	
9.740000	0.07662683	
9.760000	0.06988658	
9.780000	0.05399016	
9.800000	0.03204519	
9.820000	0.00489973	
9.840000	-0.01909247	
9.860000	-0.03725086	
9.880000	-0.04518801	
9.900000	-0.04488996	
9.920000	-0.04019244	
9.940000	-0.03221230	
9.960000	-0.02220294	
9.980000	-0.00783505	
10.000000	0.00764746	
10.020000	0.02417968	
10.040000	0.03779959	
10.059999	0.04767425	
10.080000	0.04911946	
10.099999	0.03878319	
10.120000	0.01948830	
10.139999	-0.00493911	
10.160000	-0.02649659	
10.179999	-0.04040901	
10.200000	-0.04615502	
10.219999	-0.04481791	
10.240000	-0.04125689	
10.260000	-0.03401697	
10.280000	-0.02502641	
10.300000	-0.01221241	
10.320000	0.00131661	
10.340000	0.01854134	
10.360000	0.03486497	
10.380000	0.05293103	
10.400000	0.06550655	
10.420000	0.07423897	
10.440000	0.07614700	
10.460000	0.07018442	
10.480000	0.05566709	
10.500000	0.03238499	
10.520000	0.00647697	
10.540000	-0.01844889	
10.559999	-0.03527793	
10.580000	-0.04455303	
10.599999	-0.04601972	
10.620000	-0.04297967	
10.639999	-0.03569941	
10.660000	-0.02443728	
10.679999	-0.01121612	
10.700000	0.00477691	
10.719999	0.02005430	
10.740000	0.03491717	
10.760000	0.04541106	
10.780000	0.05240883	
10.800000	0.05060662	
10.820000	0.03919832	
10.840000	0.01897613	
10.860000	-0.00549078	
10.880000	-0.02683230	
10.900000	-0.04204029	
10.920000	-0.04903971	
10.940000	-0.04892793	
10.960000	-0.04429039	
10.980000	-0.03614014	
11.000000	-0.02753074	
11.020000	-0.01517425	
11.040000	-0.00104341	
11.059999	0.01522065	
11.080000	0.02917484	
11.099999	0.04154422	
11.120000	0.04928343	
11.139999	0.05174395	
11.160000	0.04796535	
11.179999	0.03694414	
11.200000	0.01973476	
11.219999	-0.00295348	
11.240000	-0.02309933	
11.259999	-0.03792576	
11.280000	-0.04436143	
11.300000	-0.04564409	
11.320000	-0.04179874	
11.340000	-0.03458235	
11.360000	-0.02331059	
11.380000	-0.00809419	
11.400000	0.00929613	
11.420000	0.03074532	
11.440000	0.05147272	
11.460000	0.07169287	
11.480000	0.08403073	
11.500000	0.08844126	
11.520000	0.08256505	
11.540000	0.06630734	
11.559999	0.03989575	
11.580000	0.00799546	
11.599999	-0.02081607	
11.620000	-0.03815196	
11.639999	-0.04510838	
11.660000	-0.04233199	
11.679999	-0.03781502	
11.700000	-0.02730148	
11.719999	-0.01510467	
11.740000	0.00178885	
11.759999	0.01813644	
11.780000	0.03484040	
11.800000	0.04879603	
11.820000	0.05865575	
11.840000	0.06296229	
11.860000	0.05884469	
11.880000	0.04680161	
11.900000	0.02608997	
11.920000	0.00359291	
11.940000	-0.01938131	
11.960000	-0.03553750	
11.980000	-0.04483961	
12.000000	-0.04616465	
12.020000	-0.04233895	
12.040000	-0.03735034	
12.059999	-0.02721182	
12.080000	-0.01603237	
12.099999	-0.00030157	
12.120000	0.01429826	
12.139999	0.03133405	
12.160000	0.04663048	
12.179999	0.05842730	
12.200000	0.06333034	
12.219999	0.05767768	
12.240000	0.04281154	
12.259999	0.01916937	
12.280000	-0.00578003	
12.300000	-0.02801712	
12.320000	-0.04076765	
12.340000	-0.04596260	
12.360000	-0.04548974	
12.380000	-0.04080001	
12.400000	-0.03269826	
12.420000	-0.02013564	
12.440000	-0.00772123	
12.460000	0.00790744	
12.480000	0.02430496	
12.500000	0.04178905	
12.520000	0.05418913	
12.540000	0.06093041	
12.559999	0.05868359	
12.580000	0.04701798	
12.599999	0.02587851	
12.620000	0.00037272	
12.639999	-0.02312309	
12.660000	-0.03817038	
12.679999	-0.04532802	
12.700000	-0.04502548	
12.719999	-0.04132199	
12.740000	-0.03360100	
12.759999	-0.02324836	
12.780000	-0.00910358	
12.799999	0.00631566	
12.820000	0.02430087	
12.840000	0.04133338	
12.860000	0.05724494	
12.880000	0.06686024	
12.900000	0.06844547	
12.920000	0.05907621	
12.940000	0.04043452	
12.960000	0.01477031	
12.980000	-0.01262857	
13.000000	-0.03382823	
13.020000	-0.04512537	
13.040000	-0.04727721	
13.059999	-0.04361835	
13.080000	-0.03875686	
13.099999	-0.03032330	
13.120000	-0.02092806	
13.139999	-0.00744569	
13.160000	0.00462788	
13.179999	0.01757658	
13.200000	0.02742381	
13.219999	0.03374483	
13.240000	0.03399949	
13.259999	0.02495652	
13.280000	0.00879789	
13.299999	-0.01265703	
13.320000	-0.03016077	
13.340000	-0.04085527	
13.360000	-0.04466459	
13.380000	-0.04238154	
13.400000	-0.03652620	
13.420000	-0.02609168	
13.440000	-0.01491223	
13.460000	-0.00108640	
13.480000	0.01272655	
13.500000	0.02602672	
13.520000	0.03511634	
13.540000	0.03910784	
13.559999	0.03548460	
13.580000	0.02195128	
13.599999	0.00025441	
13.620000	-0.02452898	
13.639999	-0.03950608	
13.660000	-0.04717731	
13.679999	-0.04629074	
13.700000	-0.04390083	
13.719999	-0.03877303	
13.740000	-0.03142031	
13.759999	-0.02211103	
13.780000	-0.00896767	
13.799999	0.00601475	
13.820000	0.02209540	
13.840000	0.03734003	
13.860000	0.05077510	
13.880000	0.05879004	
13.900000	0.06032592	
13.920000	0.05591723	
13.940000	0.04471773	
13.960000	0.02827599	
13.980000	0.00583400	
14.000000	-0.01523547	
14.020000	-0.03308330	
14.040000	-0.04200345	
14.059999	-0.04566415	
14.080000	-0.04543242	
14.099999	-0.04272339	
14.120000	-0.03863464	
14.139999	-0.02980377	
14.160000	-0.01976922	
14.179999	-0.00454362	
14.200000	0.01101298	
14.219999	0.02722976	
14.240000	0.03980486	
14.259999	0.04711705	
14.280000	0.04753874	
14.299999	0.03883477	
14.320000	0.02184524	
14.340000	-0.00120021	
14.360000	-0.02325675	
14.380000	-0.03832841	
14.400000	-0.04518515	
14.420000	-0.04303208	
14.440000	-0.03860538	
14.460000	-0.02991021	
14.480000	-0.02072580	
14.500000	-0.00570367	
14.520000	0.01006582	
14.540000	0.02709302	
14.559999	0.04005890	
14.580000	0.04792891	
14.599999	0.04741019	
14.620000	0.03730933	
14.639999	0.01915791	
14.660000	-0.00446482	
14.679999	-0.02656250	
14.700000	-0.04120450	
14.719999	-0.04746062	
14.740000	-0.04596731	
14.759999	-0.04227877	
14.780000	-0.03517845	
14.799999	-0.02752993	
14.820000	-0.01585326	
14.839999	-0.00343168	
14.860000	0.01106027	
14.880000	0.02384929	
14.900000	0.03393562	
14.920000	0.03795353	
14.940000	0.03216391	
14.960000	0.01832149	
14.980000	-0.00268492	
15.000000	-0.02251245	
15.020000	-0.03759435	
15.040000	-0.04445599	
15.059999	-0.04587130	
15.080000	-0.04277292	
15.099999	-0.03619909	
15.120000	-0.02717251	
15.139999	-0.01465513	
15.160000	-0.00087924	
15.179999	0.01626300	
15.200000	0.03244682	
15.219999	0.04787098	
15.240000	0.05701321	
15.259999	0.05933414	
15.280000	0.05310053	
15.299999	0.03857562	
15.320000	0.01795466	
15.339999	-0.00616631	
15.360000	-0.02653016	
15.380000	-0.03984015	
15.400000	-0.04476365	
15.420000	-0.04352909	
15.440000	-0.03992857	
15.460000	-0.03354859	
15.480000	-0.02635595	
15.500000	-0.01538162	
15.520000	-0.00404006	
15.540000	0.00962243	
15.559999	0.02033761	
15.580000	0.02994370	
15.599999	0.03459456	
15.620000	0.03407584	
15.639999	0.02620911	
15.660000	0.01054564	
15.679999	-0.00869398	
15.700000	-0.02825396	
15.719999	-0.04041515	
15.740000	-0.04642011	
15.759999	-0.04592331	
15.780000	-0.04227959	
15.799999	-0.03734952	
15.820000	-0.02958432	
15.839999	-0.02105476	
15.860000	-0.00651021	
15.880000	0.00751317	
15.900000	0.02122029	
15.920000	0.02784386	
15.940000	0.02774560	
15.960000	0.01907275	
15.980000	0.00070025	
16.000000	-0.02013381	
16.020000	-0.03761216	
16.039999	-0.04543242	
16.059999	-0.04682195	
16.080000	-0.04618941	
16.100000	-0.04106735	
16.119999	-0.03300327	
16.139999	-0.02044639	
16.160000	-0.00694786	
16.180000	0.00939071	
16.199999	0.02712495	
16.219999	0.04542621	
16.240000	0.06149580	
16.260000	0.07324207	
16.279999	0.07894181	
16.299999	0.07705343	
16.320000	0.06880247	
16.340000	0.05324832	
16.359999	0.03310473	
16.379999	0.00936901	
16.400000	-0.01372333	
16.420000	-0.03238302	
16.440001	-0.04234387	
16.459999	-0.04631859	
16.480000	-0.04618941	
16.500000	-0.04291478	
16.520000	-0.03715301	
16.539999	-0.02784455	
16.559999	-0.01808453	
16.580000	-0.00413258	
16.600000	0.01026704	
16.619999	0.02450597	
16.639999	0.03424452	
16.660000	0.04021938	
16.680000	0.03897929	
16.699999	0.02921209	
16.719999	0.01246064	
16.740000	-0.00896542	
16.760000	-0.02714959	
16.779999	-0.03909913	
16.799999	-0.04316431	
16.820000	-0.04201573	
16.840000	-0.03943565	
16.859999	-0.03381921	
16.879999	-0.02699074	
16.900000	-0.01639082	
16.920000	-0.00511414	
16.940001	0.00937454	
16.959999	0.02011653	
16.980000	0.02991177	
17.000000	0.03150190	
17.020000	0.02460301	
17.039999	0.00802452	
17.059999	-0.01267278	
17.080000	-0.03015381	
17.100000	-0.04104196	
17.119999	-0.04544879	
17.139999	-0.04507726	
17.160000	-0.04195043	
17.180000	-0.03487916	
17.199999	-0.02632463	
17.219999	-0.01406989	
17.240000	-0.00058794	
17.260000	0.01588552	
17.279999	0.03040592	
17.299999	0.04294848	
17.320000	0.04999886	
17.340000	0.05058718	
17.359999	0.04320293	
17.379999	0.02836586	
17.400000	0.00819299	
17.420000	-0.01445514	
17.440001	-0.03357275	
17.459999	-0.04428691	
17.480000	-0.04810831	
17.500000	-0.04675031	
17.520000	-0.04485312	
17.539999	-0.03979430	
17.559999	-0.03332056	
17.580000	-0.02311243	
17.600000	-0.01319622	
17.619999	-0.00091875	
17.639999	0.01018516	
17.660000	0.02266958	
17.680000	0.03036048	
17.699999	0.03380113	
17.719999	0.02888764	
17.740000	0.01640568	
17.760000	-0.00087187	
17.779999	-0.02049960	
17.799999	-0.03501713	
17.820000	-0.04387791	
17.840000	-0.04601747	
17.859999	-0.04312685	
17.879999	-0.03943995	
17.900000	-0.03220165	
17.920000	-0.02464955	
17.940001	-0.01267749	
17.959999	0.00051746	
17.980000	0.01459794	
18.000000	0.02352218	
18.020000	0.02801397	
18.039999	0.02452747	
18.059999	0.01441985	
18.080000	-0.00212915	
18.100000	-0.02065437	
18.119999	-0.03484561	
18.139999	-0.04331601	
18.160000	-0.04558739	
18.180000	-0.04270291	
18.199999	-0.03778166	
18.219999	-0.02989179	
18.240000	-0.02141933	
18.260000	-0.01002127	
18.279999	0.00208405	
18.299999	0.01408087	
18.320000	0.02208434	
18.340000	0.02604473	
18.359999	0.02320345	
18.379999	0.01197529	
18.400000	-0.00589733	
18.420000	-0.02631521	
18.440001	-0.03959511	
18.459999	-0.04609197	
18.480000	-0.04580785	
18.500000	-0.04178995	
18.520000	-0.03725679	
18.539999	-0.03005227	
18.559999	-0.02205904	
18.580000	-0.01015802	
18.600000	0.00209796	
18.619999	0.01489394	
18.639999	0.02583184	
18.660000	0.03238909	
18.680000	0.03342243	
18.699999	0.02449553	
18.719999	0.00910617	
18.740000	-0.01217392	
18.760000	-0.02972311	
18.779999	-0.04175964	
18.799999	-0.04677364	
18.820000	-0.04731569	
18.840000	-0.04600723	
18.859999	-0.04131953	
18.879999	-0.03554527	
18.900000	-0.02619649	
18.920000	-0.01756355	
18.939999	-0.00539027	
18.959999	0.00469278	
18.980000	0.01424811	
19.000000	0.01840849	
19.020000	0.01642103	
19.039999	0.00549152	
19.059999	-0.01176575	
19.080000	-0.02833317	
19.100000	-0.03978282	
19.119999	-0.04490429	
19.139999	-0.04460563	
19.160000	-0.04020451	
19.180000	-0.03177956	
19.199999	-0.02075057	
19.219999	-0.00527667	
19.240000	0.01200558	
19.260000	0.03124807	
19.279999	0.04778009	
19.299999	0.06193243	
19.320000	0.06956949	
19.340000	0.06947921	
19.359999	0.05990669	
19.379999	0.04250018	
19.400000	0.02154126	
19.420000	-0.00169519	
19.439999	-0.02214992	
19.459999	-0.03736590	
19.480000	-0.04437371	
19.500000	-0.04566947	
19.520000	-0.04382429	
19.539999	-0.03746784	
19.559999	-0.02909672	
19.580000	-0.01522748	
19.600000	-0.00136356	
19.619999	0.01652358	
19.639999	0.03112710	
19.660000	0.04469378	
19.680000	0.05140149	
19.699999	0.05138552	
19.719999	0.04317652	
19.740000	0.02685105	
19.760000	0.00569582	
19.779999	-0.01810335	
19.799999	-0.03496842	
19.820000	-0.04411578	
19.840000	-0.04544082	
19.859999	-0.04279667	
19.879999	-0.03825390	
19.900000	-0.02980705	
19.920000	-0.02049018	
19.939999	-0.00612126	
19.959999	0.00870209	
19.980000	0.02442102	
20.000000	0.03696788	
20.020000	0.04466942	
20.039999	0.04786176	
20.059999	0.04280765	
20.080000	0.03113119	
20.100000	0.01092537	
20.119999	-0.01108511	
20.139999	-0.03101888	
20.160000	-0.04219833	
20.180000	-0.04681151	
20.199999	-0.04605432	
20.219999	-0.04216230	
20.240000	-0.03703429	
20.260000	-0.02829163	
20.279999	-0.01964599	
20.299999	-0.00527462	
20.320000	0.00797519	
20.340000	0.02276518	
20.359999	0.03270249	
20.379999	0.04015552	
20.400000	0.04277305	
20.420000	0.03875330	
20.439999	0.02878345	
20.459999	0.01107746	
20.480000	-0.00839962	
20.500000	-0.02692892	
20.520000	-0.03842299	
20.539999	-0.04414402	
20.559999	-0.04481116	
20.580000	-0.04213957	
20.600000	-0.03778984	
20.619999	-0.03059249	
20.639999	-0.02249853	
20.660000	-0.01100016	
20.680000	0.00105357	
20.699999	0.01364075	
20.719999	0.02290806	
20.740000	0.02590226	
20.760000	0.01996996	
20.779999	0.00512511	
20.799999	-0.01376857	
20.820000	-0.03211650	
20.840000	-0.04225810	
20.859999	-0.04674047	
20.879999	-0.04590672	
20.900000	-0.04243967	
20.920000	-0.03666644	
20.939999	-0.02675390	
20.959999	-0.01530220	
20.980000	-0.00074781	
21.000000	0.01344813	
21.020000	0.02784099	
21.039999	0.03982063	
21.059999	0.04651523	
21.080000	0.04674491	
21.100000	0.03744362	
21.119999	0.02158937	
21.139999	-0.00096849	
21.160000	-0.02198677	
21.180000	-0.03788666	
21.199999	-0.04492497	
21.219999	-0.04627825	
21.240000	-0.04325378	
21.260000	-0.03729139	
21.279999	-0.02874525	
21.299999	-0.01693143	
21.320000	-0.00373219	
21.340000	0.01107439	
21.359999	0.02278607	
21.379999	0.02997994	
21.400000	0.03206688	
21.420000	0.02461406	
21.439999	0.00963595	
21.459999	-0.01159380	
21.480000	-0.02948116	
21.500000	-0.04103152	
21.520000	-0.04585493	
21.539999	-0.04481791	
21.559999	-0.04159588	
21.580000	-0.03533484	
21.600000	-0.02898987	
21.619999	-0.01852320	
21.639999	-0.00748561	
21.660000	0.00677378	
21.680000	0.01689143	
21.699999	0.02266467	
21.719999	0.01995175	
21.740000	0.00856903	
21.760000	-0.00802214	
21.779999	-0.02790084	
21.799999	-0.04107757	
21.820000	-0.04755847	
21.840000	-0.04733063	
21.859999	-0.04291663	
21.879999	-0.03773232	
21.900000	-0.02826440	
21.920000	-0.01736049	
21.939999	-0.00154042	
21.959999	0.01500981	
21.980000	0.03281651	
22.000000	0.04929264	
22.020000	0.06511924	
