Time	Right_Forefoot_y_baseline X
0.000000	-0.00796762	
0.020000	-0.01777907	
0.040000	-0.02184400	
0.060000	-0.02190790	
0.080000	-0.02197139	
0.100000	-0.02229913	
0.120000	-0.02172215	
0.140000	-0.02027519	
0.160000	-0.01924534	
0.180000	-0.01486954	
0.200000	-0.00692996	
0.220000	0.00499500	
0.240000	0.01607034	
0.260000	0.02467564	
0.280000	0.02858441	
0.300000	0.02947864	
0.320000	0.02673677	
0.340000	0.01858351	
0.360000	0.00354455	
0.380000	-0.00996998	
0.400000	-0.01771456	
0.420000	-0.01846413	
0.440000	-0.01911919	
0.460000	-0.01949890	
0.480000	-0.01947671	
0.500000	-0.01820379	
0.520000	-0.01703176	
0.540000	-0.01240939	
0.560000	-0.00646107	
0.580000	0.00325051	
0.600000	0.01100332	
0.620000	0.01677470	
0.640000	0.01759496	
0.660000	0.01255609	
0.680000	0.00214916	
0.700000	-0.00968786	
0.720000	-0.01784071	
0.740000	-0.02061217	
0.760000	-0.02074532	
0.780000	-0.02060354	
0.800000	-0.02101634	
0.820000	-0.01895480	
0.840000	-0.01647800	
0.860000	-0.01107565	
0.880000	-0.00566074	
0.900000	0.00400235	
0.920000	0.01191562	
0.940000	0.01881467	
0.960000	0.02112113	
0.980000	0.01833570	
1.000000	0.00912526	
1.020000	-0.00336190	
1.040000	-0.01241288	
1.060000	-0.01611473	
1.080000	-0.01626267	
1.100000	-0.01648787	
1.120000	-0.01711230	
1.140000	-0.01569042	
1.160000	-0.01350477	
1.180000	-0.00799638	
1.200000	-0.00230266	
1.220000	0.00664003	
1.240000	0.01345176	
1.260000	0.01832995	
1.280000	0.01956815	
1.300000	0.01532055	
1.320000	0.00550540	
1.340000	-0.00656505	
1.360000	-0.01483954	
1.380000	-0.01778688	
1.400000	-0.01823646	
1.420000	-0.01830755	
1.440000	-0.01841831	
1.460000	-0.01679321	
1.480000	-0.01491064	
1.500000	-0.00923355	
1.520000	-0.00264335	
1.540000	0.00779194	
1.560000	0.01511446	
1.580000	0.01963061	
1.600000	0.01978184	
1.620000	0.01406223	
1.640000	0.00291251	
1.660000	-0.00870097	
1.680000	-0.01524925	
1.700000	-0.01626842	
1.720000	-0.01680923	
1.740000	-0.01738703	
1.760000	-0.01800817	
1.780000	-0.01601322	
1.800000	-0.01341149	
1.820000	-0.00687963	
1.840000	-0.00014886	
1.860000	0.00920171	
1.880000	0.01466489	
1.900000	0.01812817	
1.920000	0.01754133	
1.940000	0.01125482	
1.960000	-0.00082612	
1.980000	-0.01158480	
2.000000	-0.01702909	
2.020000	-0.01717745	
2.040000	-0.01753394	
2.060000	-0.01767141	
2.080000	-0.01775585	
2.100000	-0.01579048	
2.120000	-0.01298697	
2.140000	-0.00610787	
2.160000	0.00118898	
2.180000	0.00857356	
2.200000	0.01179172	
2.220000	0.00892287	
2.240000	0.00097713	
2.260000	-0.00907657	
2.280000	-0.01595569	
2.300000	-0.01776838	
2.320000	-0.01790154	
2.340000	-0.01794921	
2.360000	-0.01874460	
2.380000	-0.01665759	
2.400000	-0.01387627	
2.420000	-0.00740010	
2.440000	-0.00030380	
2.460000	0.00971128	
2.480000	0.01603191	
2.500000	0.01924965	
2.520000	0.01888698	
2.540000	0.01259020	
2.560000	0.00051153	
2.580000	-0.01067682	
2.600000	-0.01632883	
2.620000	-0.01638512	
2.640000	-0.01765703	
2.660000	-0.01856934	
2.680000	-0.01911199	
2.700000	-0.01688053	
2.720000	-0.01445489	
2.740000	-0.00857830	
2.760000	-0.00343196	
2.780000	0.00538911	
2.800000	0.01137419	
2.820000	0.01477009	
2.840000	0.01176295	
2.860000	0.00090933	
2.880000	-0.00868185	
2.900000	-0.01618129	
2.920000	-0.01655073	
2.940000	-0.01782900	
2.960000	-0.01863344	
2.980000	-0.01700053	
3.000000	-0.01460654	
3.020000	-0.00781742	
3.040000	-0.00043592	
3.060000	0.00977702	
3.080000	0.01621519	
3.100000	0.01992013	
3.120000	0.02059716	
3.140000	0.01768310	
3.160000	0.00972217	
3.180000	-0.00326224	
3.200000	-0.01342505	
3.220000	-0.01879987	
3.240000	-0.01915617	
3.260000	-0.01937151	
3.280000	-0.01958643	
3.300000	-0.01773427	
3.320000	-0.01483625	
3.340000	-0.00787146	
3.360000	0.00057399	
3.380000	0.01103023	
3.400000	0.01852535	
3.420000	0.02404463	
3.440000	0.02545728	
3.460000	0.02215487	
3.480000	0.01446003	
3.500000	0.00107536	
3.520000	-0.00865884	
3.540000	-0.01651068	
3.560000	-0.01757175	
3.580000	-0.01887384	
3.600000	-0.01896508	
3.620000	-0.01754935	
3.640000	-0.01593226	
3.660000	-0.01186508	
3.680000	-0.00753284	
3.700000	0.00115508	
3.720000	0.00963669	
3.740000	0.01781584	
3.760000	0.02208152	
3.780000	0.02224919	
3.800000	0.01797961	
3.820000	0.00749379	
3.840000	-0.00447619	
3.860000	-0.01439674	
3.880000	-0.01854406	
3.900000	-0.01908055	
3.920000	-0.01873556	
3.940000	-0.01733832	
3.960000	-0.01633149	
3.980000	-0.01287355	
4.000000	-0.00909609	
4.020000	-0.00159912	
4.040000	0.00644504	
4.060000	0.01716819	
4.080000	0.02446605	
4.100000	0.02953143	
4.120000	0.03032766	
4.140000	0.02976014	
4.160000	0.02756402	
4.180000	0.02129988	
4.200000	0.01123282	
4.220000	-0.00167555	
4.240000	-0.01153488	
4.260000	-0.01710182	
4.280000	-0.01896816	
4.300000	-0.01946726	
4.320000	-0.01927884	
4.340000	-0.01641472	
4.360000	-0.01321423	
4.380000	-0.00693223	
4.400000	-0.00144583	
4.420000	0.00617155	
4.440000	0.01089625	
4.460000	0.01623964	
4.480000	0.01981677	
4.500000	0.02259541	
4.520000	0.02048579	
4.540000	0.01216199	
4.560000	0.00024934	
4.580000	-0.00893603	
4.600000	-0.01258218	
4.620000	-0.01298821	
4.640000	-0.01373367	
4.660000	-0.01332766	
4.680000	-0.01199083	
4.700000	-0.00712229	
4.720000	-0.00123379	
4.740000	0.00754619	
4.760000	0.01280184	
4.780000	0.01696374	
4.800000	0.01819742	
4.820000	0.01567581	
4.840000	0.00752400	
4.860000	-0.00368921	
4.880000	-0.01114036	
4.900000	-0.01394573	
4.920000	-0.01346450	
4.940000	-0.01320231	
4.960000	-0.01318999	
4.980000	-0.01050688	
5.000000	-0.00590383	
5.020000	0.00212595	
5.040000	0.00740913	
5.060000	0.01283862	
5.080000	0.01561603	
5.100000	0.01836076	
5.120000	0.01925191	
5.140000	0.01861905	
5.160000	0.01603663	
5.180000	0.00882342	
5.200000	-0.00017887	
5.220000	-0.00852035	
5.240000	-0.01243055	
5.260000	-0.01359560	
5.280000	-0.01358141	
5.300000	-0.01185276	
5.320000	-0.00831077	
5.340000	-0.00131699	
5.360000	0.00431056	
5.380000	0.00923026	
5.400000	0.01103434	
5.420000	0.01165774	
5.440000	0.00934410	
5.460000	0.00110453	
5.480000	-0.00708900	
5.500000	-0.01309916	
5.520000	-0.01352738	
5.540000	-0.01344231	
5.560000	-0.01378627	
5.580000	-0.01277862	
5.600000	-0.00984484	
5.620000	-0.00311182	
5.640000	0.00381885	
5.660000	0.01170871	
5.680000	0.01625958	
5.700000	0.02000786	
5.720000	0.02134468	
5.740000	0.01976971	
5.760000	0.01483256	
5.780000	0.00460234	
5.800000	-0.00401263	
5.820000	-0.00997512	
5.840000	-0.01064661	
5.860000	-0.01045819	
5.880000	-0.01030613	
5.900000	-0.00709066	
5.920000	-0.00225499	
5.940000	0.00547417	
5.960000	0.01013969	
5.980000	0.01418386	
6.000000	0.01581205	
6.020000	0.01577753	
6.040000	0.01352902	
6.060000	0.00557198	
6.080000	-0.00306170	
6.100000	-0.01097496	
6.120000	-0.01338251	
6.140000	-0.01321156	
6.160000	-0.01267958	
6.180000	-0.01147714	
6.200000	-0.01051408	
6.220000	-0.00486165	
6.240000	0.00201437	
6.260000	0.01110995	
6.280000	0.01677799	
6.300000	0.02212282	
6.320000	0.02565679	
6.340000	0.02847694	
6.360000	0.02942871	
6.380000	0.02853838	
6.400000	0.02357450	
6.420000	0.01269211	
6.440000	-0.00059557	
6.460000	-0.01017155	
6.480000	-0.01380682	
6.500000	-0.01360258	
6.520000	-0.01360258	
6.540000	-0.01245315	
6.560000	-0.01130372	
6.580000	-0.00634621	
6.600000	0.00022262	
6.620000	0.00975156	
6.640000	0.01643772	
6.660000	0.02303493	
6.680000	0.02763285	
6.700000	0.03110354	
6.720000	0.03187571	
6.740000	0.02905001	
6.760000	0.02212672	
6.780000	0.00911458	
6.800000	-0.00309291	
6.820000	-0.01104072	
6.840000	-0.01287355	
6.860000	-0.01194501	
6.880000	-0.01104441	
6.900000	-0.00758995	
6.920000	-0.00354785	
6.940000	0.00476611	
6.960000	0.01082763	
6.980000	0.01656429	
7.000000	0.01758653	
7.020000	0.01550137	
7.040000	0.00902170	
7.060000	-0.00105460	
7.080000	-0.00832371	
7.100000	-0.01193000	
7.120000	-0.01099242	
7.140000	-0.01034744	
7.160000	-0.01016250	
7.180000	-0.00737216	
7.200000	-0.00302984	
7.220000	0.00487603	
7.240000	0.01073372	
7.260000	0.01799174	
7.280000	0.02215014	
7.300000	0.02620603	
7.320000	0.02760182	
7.340000	0.02632520	
7.360000	0.02268007	
7.380000	0.01417975	
7.400000	0.00205609	
7.420000	-0.00929005	
7.440000	-0.01578082	
7.460000	-0.01626575	
7.480000	-0.01614349	
7.500000	-0.01490304	
7.520000	-0.01382141	
7.540000	-0.01039717	
7.560000	-0.00595684	
7.580000	0.00182924	
7.600000	0.00948587	
7.620000	0.01717907	
7.640000	0.02249904	
7.660000	0.02648608	
7.680000	0.02838878	
7.700000	0.02773538	
7.720000	0.02425340	
7.740000	0.01477748	
7.760000	0.00126767	
7.780000	-0.00948568	
7.800000	-0.01433037	
7.820000	-0.01337264	
7.840000	-0.01317129	
7.860000	-0.01219651	
7.880000	-0.01102427	
7.900000	-0.00714819	
7.920000	-0.00277916	
7.940000	0.00426638	
7.960000	0.00954217	
7.980000	0.01513152	
8.000000	0.01839200	
8.020000	0.02005306	
8.040000	0.01976499	
8.059999	0.01469529	
8.080000	0.00634579	
8.099999	-0.00429906	
8.120000	-0.01090880	
8.139999	-0.01337264	
8.160000	-0.01301657	
8.179999	-0.01216179	
8.200000	-0.01130866	
8.220000	-0.00804755	
8.240000	-0.00330929	
8.260000	0.00458179	
8.280000	0.01048982	
8.300000	0.01752202	
8.320000	0.02191980	
8.340000	0.02570219	
8.360000	0.02623397	
8.380000	0.02323999	
8.400000	0.01669580	
8.420000	0.00332202	
8.440000	-0.00801386	
8.460000	-0.01571754	
8.480000	-0.01644163	
8.500000	-0.01641040	
8.520000	-0.01668656	
8.540000	-0.01496775	
8.559999	-0.01323457	
8.580000	-0.00758831	
8.599999	-0.00260739	
8.620000	0.00610292	
8.639999	0.01270300	
8.660000	0.02061813	
8.679999	0.02598658	
8.700000	0.03104949	
8.720000	0.03339170	
8.740000	0.03355403	
8.760000	0.02956432	
8.780000	0.02086778	
8.800000	0.00770091	
8.820000	-0.00434427	
8.840000	-0.01160783	
8.860000	-0.01353374	
8.880000	-0.01366442	
8.900000	-0.01319903	
8.920000	-0.01257972	
8.940000	-0.01050031	
8.960000	-0.00694539	
8.980000	0.00034674	
9.000000	0.00699079	
9.020000	0.01331553	
9.040000	0.01693641	
9.059999	0.02064525	
9.080000	0.02260219	
9.099999	0.02228124	
9.120000	0.01989689	
9.139999	0.01331121	
9.160000	0.00356653	
9.179999	-0.00655086	
9.200000	-0.01277369	
9.220000	-0.01408689	
9.240000	-0.01416352	
9.260000	-0.01351258	
9.280000	-0.01339053	
9.300000	-0.01198363	
9.320000	-0.00864486	
9.340000	-0.00123049	
9.360000	0.00672387	
9.380000	0.01425393	
9.400000	0.01853666	
9.420000	0.02135536	
9.440000	0.02230507	
9.460000	0.02058278	
9.480000	0.01576932	
9.500000	0.00308922	
9.520000	-0.00685333	
9.540000	-0.01540193	
9.559999	-0.01614390	
9.580000	-0.01651992	
9.599999	-0.01526077	
9.620000	-0.01300423	
9.639999	-0.01200666	
9.660000	-0.00749955	
9.679999	-0.00209677	
9.700000	0.00614916	
9.719999	0.01207733	
9.740000	0.01801598	
9.760000	0.02197015	
9.780000	0.02530029	
9.800000	0.02672629	
9.820000	0.02423531	
9.840000	0.01817460	
9.860000	0.00576307	
9.880000	-0.00394605	
9.900000	-0.01125152	
9.920000	-0.01219240	
9.940000	-0.01311623	
9.960000	-0.01351485	
9.980000	-0.01281951	
10.000000	-0.01174220	
10.020000	-0.00678922	
10.040000	-0.00129378	
10.059999	0.00759900	
10.080000	0.01401743	
10.099999	0.02049156	
10.120000	0.02395236	
10.139999	0.02440298	
10.160000	0.02277726	
10.179999	0.01673587	
10.200000	0.00782932	
10.219999	-0.00403605	
10.240000	-0.01206891	
10.260000	-0.01491064	
10.280000	-0.01449762	
10.300000	-0.01339567	
10.320000	-0.01297095	
10.340000	-0.01052558	
10.360000	-0.00582081	
10.380000	0.00180294	
10.400000	0.00893314	
10.420000	0.01488268	
10.440000	0.01892973	
10.460000	0.02053984	
10.480000	0.02032593	
10.500000	0.01510459	
10.520000	0.00711079	
10.540000	-0.00414661	
10.559999	-0.01137975	
10.580000	-0.01442900	
10.599999	-0.01400161	
10.620000	-0.01318464	
10.639999	-0.01259574	
10.660000	-0.01080976	
10.679999	-0.00690840	
10.700000	0.00055365	
10.719999	0.00874247	
10.740000	0.01611964	
10.760000	0.02096455	
10.780000	0.02433024	
10.800000	0.02601945	
10.820000	0.02309328	
10.840000	0.01745257	
10.860000	0.00631744	
10.880000	-0.00486925	
10.900000	-0.01326169	
10.920000	-0.01619609	
10.940000	-0.01540707	
10.960000	-0.01516338	
10.980000	-0.01366751	
11.000000	-0.01224233	
11.020000	-0.00601931	
11.040000	0.00096789	
11.059999	0.00960957	
11.080000	0.01381093	
11.099999	0.01637115	
11.120000	0.01697689	
11.139999	0.01444030	
11.160000	0.00825220	
11.179999	-0.00320408	
11.200000	-0.01185358	
11.219999	-0.01678026	
11.240000	-0.01635286	
11.259999	-0.01574959	
11.280000	-0.01557390	
11.300000	-0.01362826	
11.320000	-0.00994039	
11.340000	-0.00186870	
11.360000	0.00520562	
11.380000	0.01271451	
11.400000	0.01701224	
11.420000	0.02126804	
11.440000	0.02319437	
11.460000	0.02368833	
11.480000	0.02267924	
11.500000	0.01815487	
11.520000	0.00903507	
11.540000	-0.00341634	
11.559999	-0.01228116	
11.580000	-0.01541610	
11.599999	-0.01429483	
11.620000	-0.01321958	
11.639999	-0.01301821	
11.660000	-0.01162550	
11.679999	-0.00820124	
11.700000	-0.00116412	
11.719999	0.00452919	
11.740000	0.00959601	
11.759999	0.01133454	
11.780000	0.01251212	
11.800000	0.01139125	
11.820000	0.00544828	
11.840000	-0.00449181	
11.860000	-0.01337512	
11.880000	-0.01776387	
11.900000	-0.01787852	
11.920000	-0.01811276	
11.940000	-0.01628794	
11.960000	-0.01364079	
11.980000	-0.00732613	
12.000000	-0.00069153	
12.020000	0.00826083	
12.040000	0.01504481	
12.059999	0.02050512	
12.080000	0.02351163	
12.099999	0.02428545	
12.120000	0.02288143	
12.139999	0.01675415	
12.160000	0.00666429	
12.179999	-0.00594759	
12.200000	-0.01414134	
12.219999	-0.01720785	
12.240000	-0.01661341	
12.259999	-0.01505816	
12.280000	-0.01402627	
12.300000	-0.01200932	
12.320000	-0.00892206	
12.340000	-0.00212267	
12.360000	0.00461528	
12.380000	0.01096550	
12.400000	0.01464105	
12.420000	0.01710573	
12.440000	0.01785982	
12.460000	0.01450379	
12.480000	0.00901861	
12.500000	-0.00175650	
12.520000	-0.01021655	
12.540000	-0.01654540	
12.559999	-0.01761346	
12.580000	-0.01728080	
12.599999	-0.01663889	
12.620000	-0.01477318	
12.639999	-0.01311067	
12.660000	-0.00695956	
12.679999	0.00046180	
12.700000	0.00902642	
12.719999	0.01437002	
12.740000	0.01843658	
12.759999	0.02084455	
12.780000	0.01998937	
12.799999	0.01511015	
12.820000	0.00513513	
12.840000	-0.00611629	
12.860000	-0.01428086	
12.880000	-0.01727340	
12.900000	-0.01735045	
12.920000	-0.01749305	
12.940000	-0.01629595	
12.960000	-0.01474255	
12.980000	-0.00916944	
13.000000	-0.00330086	
13.020000	0.00558780	
13.040000	0.01120304	
13.059999	0.01614431	
13.080000	0.01740037	
13.099999	0.01466674	
13.120000	0.00987257	
13.139999	-0.00077845	
13.160000	-0.00909075	
13.179999	-0.01611882	
13.200000	-0.01669869	
13.219999	-0.01700813	
13.240000	-0.01750250	
13.259999	-0.01576090	
13.280000	-0.01359887	
13.299999	-0.00761113	
13.320000	-0.00272080	
13.340000	0.00532499	
13.360000	0.01010230	
13.380000	0.01488186	
13.400000	0.01638348	
13.420000	0.01459892	
13.440000	0.01012491	
13.460000	0.00015010	
13.480000	-0.00870487	
13.500000	-0.01606089	
13.520000	-0.01781832	
13.540000	-0.01826152	
13.559999	-0.01845345	
13.580000	-0.01657313	
13.599999	-0.01439735	
13.620000	-0.00860418	
13.639999	-0.00257841	
13.660000	0.00622703	
13.679999	0.01332991	
13.700000	0.01858617	
13.719999	0.02120003	
13.740000	0.02098633	
13.759999	0.01998402	
13.780000	0.01434290	
13.799999	0.00478254	
13.820000	-0.00735161	
13.840000	-0.01514365	
13.860000	-0.01842016	
13.880000	-0.01876658	
13.900000	-0.01834105	
13.920000	-0.01765044	
13.940000	-0.01511282	
13.960000	-0.01246424	
13.980000	-0.00670107	
14.000000	-0.00190958	
14.020000	0.00379421	
14.040000	0.00718476	
14.059999	0.00859247	
14.080000	0.00798056	
14.099999	0.00220957	
14.120000	-0.00615306	
14.139999	-0.01435237	
14.160000	-0.01828824	
14.179999	-0.01879248	
14.200000	-0.01900618	
14.219999	-0.01845345	
14.240000	-0.01763257	
14.259999	-0.01378524	
14.280000	-0.00739846	
14.299999	0.00225437	
14.320000	0.00978504	
14.340000	0.01597232	
14.360000	0.01932342	
14.380000	0.02134037	
14.400000	0.02129763	
14.420000	0.01780373	
14.440000	0.01189014	
14.460000	-0.00067818	
14.480000	-0.01064126	
14.500000	-0.01854981	
14.520000	-0.01947610	
14.540000	-0.02005780	
14.559999	-0.01957144	
14.580000	-0.01911056	
14.599999	-0.01857857	
14.620000	-0.01493262	
14.639999	-0.00848234	
14.660000	0.00153069	
14.679999	0.00964327	
14.700000	0.01676813	
14.719999	0.02039456	
14.740000	0.02188714	
14.759999	0.02048148	
14.780000	0.01380846	
14.799999	0.00270683	
14.820000	-0.00955142	
14.839999	-0.01662225	
14.860000	-0.01842797	
14.880000	-0.01801640	
14.900000	-0.01698080	
14.920000	-0.01620555	
14.940000	-0.01219302	
14.960000	-0.00576267	
14.980000	0.00386652	
15.000000	0.01096818	
15.020000	0.01724647	
15.040000	0.02054662	
15.059999	0.02276328	
15.080000	0.02221303	
15.099999	0.01837741	
15.120000	0.01054530	
15.139999	-0.00245635	
15.160000	-0.01241452	
15.179999	-0.01839961	
15.200000	-0.01864927	
15.219999	-0.01794346	
15.240000	-0.01744539	
15.259999	-0.01489913	
15.280000	-0.01290417	
15.299999	-0.00653052	
15.320000	0.00038598	
15.339999	0.00918527	
15.360000	0.01584266	
15.380000	0.02041841	
15.400000	0.02271213	
15.420000	0.02084990	
15.440000	0.01553014	
15.460000	0.00557116	
15.480000	-0.00585143	
15.500000	-0.01479700	
15.520000	-0.01909740	
15.540000	-0.01921226	
15.559999	-0.01878488	
15.580000	-0.01756436	
15.599999	-0.01670937	
15.620000	-0.01221521	
15.639999	-0.00600451	
15.660000	0.00411269	
15.679999	0.01124023	
15.700000	0.01626492	
15.719999	0.01614019	
15.740000	0.01185973	
15.759999	0.00381927	
15.780000	-0.00634478	
15.799999	-0.01295163	
15.820000	-0.01676115	
15.839999	-0.01720436	
15.860000	-0.01717888	
15.880000	-0.01654190	
15.900000	-0.01482557	
15.920000	-0.01297814	
15.940000	-0.00757106	
15.960000	-0.00033668	
15.980000	0.01045099	
16.000000	0.01938835	
16.020000	0.02876152	
16.039999	0.03405601	
16.059999	0.03658582	
16.080000	0.03577317	
16.100000	0.03086230	
16.119999	0.02232090	
16.139999	0.00660285	
16.160000	-0.00674812	
16.180000	-0.01611288	
16.199999	-0.01830140	
16.219999	-0.01879987	
16.240000	-0.01892214	
16.260000	-0.01665759	
16.279999	-0.01401024	
16.299999	-0.00728647	
16.320000	0.00001100	
16.340000	0.00896767	
16.359999	0.01571198	
16.379999	0.02011470	
16.400000	0.02232069	
16.420000	0.02234638	
16.440001	0.01865603	
16.459999	0.01041545	
16.480000	-0.00271834	
16.500000	-0.01276691	
16.520000	-0.01854981	
16.539999	-0.01871891	
16.559999	-0.01886131	
16.580000	-0.01748380	
16.600000	-0.01623431	
16.619999	-0.01021634	
16.639999	-0.00315991	
16.660000	0.00721619	
16.680000	0.01458783	
16.699999	0.02075456	
16.719999	0.02421539	
16.740000	0.02495427	
16.760000	0.02453242	
16.779999	0.01967272	
16.799999	0.01094228	
16.820000	-0.00332840	
16.840000	-0.01383066	
16.859999	-0.01931192	
16.879999	-0.01916111	
16.900000	-0.01888597	
16.920000	-0.01861063	
16.940001	-0.01656081	
16.959999	-0.01362190	
16.980000	-0.00576246	
17.000000	0.00364728	
17.020000	0.01481879	
17.039999	0.02206056	
17.059999	0.02799797	
17.080000	0.03121573	
17.100000	0.03281166	
17.119999	0.02967691	
17.139999	0.02165043	
17.160000	0.00877739	
17.180000	-0.00458179	
17.199999	-0.01313266	
17.219999	-0.01596473	
17.240000	-0.01561563	
17.260000	-0.01464167	
17.279999	-0.01408462	
17.299999	-0.01243876	
17.320000	-0.00875768	
17.340000	-0.00071208	
17.359999	0.00825548	
17.379999	0.01699272	
17.400000	0.02194016	
17.420000	0.02353628	
17.440001	0.02146755	
17.459999	0.01397860	
17.480000	0.00298093	
17.500000	-0.00929211	
17.520000	-0.01675889	
17.539999	-0.01963781	
17.559999	-0.01985149	
17.580000	-0.01971383	
17.600000	-0.01929857	
17.619999	-0.01678622	
17.639999	-0.01314026	
17.660000	-0.00474782	
17.680000	0.00421111	
17.699999	0.01474440	
17.719999	0.02164838	
17.740000	0.02793263	
17.760000	0.03116456	
17.779999	0.03169736	
17.799999	0.02719457	
17.820000	0.01778831	
17.840000	0.00410858	
17.859999	-0.00834569	
17.879999	-0.01595609	
17.900000	-0.01709320	
17.920000	-0.01645479	
17.940001	-0.01652876	
17.959999	-0.01722018	
17.980000	-0.01574075	
18.000000	-0.01018141	
18.020000	-0.00056475	
18.039999	0.00824994	
18.059999	0.01606704	
18.080000	0.02006949	
18.100000	0.02073626	
18.119999	0.01716839	
18.139999	0.00886904	
18.160000	-0.00169261	
18.180000	-0.01098421	
18.199999	-0.01578678	
18.219999	-0.01654786	
18.240000	-0.01656635	
18.260000	-0.01575370	
18.279999	-0.01483297	
18.299999	-0.01154639	
18.320000	-0.00635937	
18.340000	0.00177397	
18.359999	0.00944683	
18.379999	0.01567972	
18.400000	0.01900123	
18.420000	0.01802234	
18.440001	0.01370490	
18.459999	0.00552143	
18.480000	-0.00453454	
18.500000	-0.01232719	
18.520000	-0.01628958	
18.539999	-0.01630355	
18.559999	-0.01644410	
18.580000	-0.01475611	
18.600000	-0.01279815	
18.619999	-0.00745989	
18.639999	-0.00225067	
18.660000	0.00550479	
18.680000	0.01049373	
18.699999	0.01334101	
18.719999	0.01183775	
18.740000	0.00686894	
18.760000	-0.00085530	
18.779999	-0.00839418	
18.799999	-0.01339997	
18.820000	-0.01536822	
18.840000	-0.01580939	
18.859999	-0.01498666	
18.879999	-0.01400448	
18.900000	-0.00946143	
18.920000	-0.00412728	
18.939999	0.00442953	
18.959999	0.01143830	
18.980000	0.01928212	
19.000000	0.02458544	
19.020000	0.02837934	
19.039999	0.02912953	
19.059999	0.02586062	
19.080000	0.01857138	
19.100000	0.00533445	
19.119999	-0.00682867	
19.139999	-0.01688053	
19.160000	-0.02060045	
19.180000	-0.02115381	
19.199999	-0.02016793	
19.219999	-0.01855084	
19.240000	-0.01773037	
19.260000	-0.01362313	
19.279999	-0.00825775	
19.299999	0.00102685	
19.320000	0.00835453	
19.340000	0.01659738	
19.359999	0.02131222	
19.379999	0.02316272	
19.400000	0.02170612	
19.420000	0.01623204	
19.439999	0.00740811	
19.459999	-0.00360127	
19.480000	-0.01108879	
19.500000	-0.01410024	
19.520000	-0.01450688	
19.539999	-0.01387092	
19.559999	-0.01285465	
19.580000	-0.01083380	
19.600000	-0.00985821	
19.619999	-0.00611526	
19.639999	-0.00030503	
19.660000	0.00868966	
19.680000	0.01525480	
19.699999	0.02016978	
19.719999	0.02199379	
19.740000	0.02096415	
19.760000	0.01645724	
19.779999	0.00719215	
19.799999	-0.00385153	
19.820000	-0.01345669	
19.840000	-0.01847173	
19.859999	-0.01891884	
19.879999	-0.01871583	
19.900000	-0.01831824	
19.920000	-0.01808482	
19.939999	-0.01515228	
19.959999	-0.01228034	
19.980000	-0.00478871	
20.000000	0.00275244	
20.020000	0.01204383	
20.039999	0.01688915	
20.059999	0.01824282	
20.080000	0.01664649	
20.100000	0.01194870	
20.119999	0.00472973	
20.139999	-0.00520952	
20.160000	-0.01246877	
20.180000	-0.01723169	
20.199999	-0.01813476	
20.219999	-0.01892932	
20.240000	-0.01881282	
20.260000	-0.01657991	
20.279999	-0.01395682	
20.299999	-0.00732407	
20.320000	-0.00040777	
20.340000	0.00757207	
20.359999	0.01198857	
20.379999	0.01601671	
20.400000	0.01868974	
20.420000	0.01929280	
20.439999	0.01624478	
20.459999	0.00831220	
20.480000	-0.00187919	
20.500000	-0.01083647	
20.520000	-0.01503310	
20.539999	-0.01458989	
20.559999	-0.01396853	
20.580000	-0.01230747	
20.600000	-0.01149461	
20.619999	-0.00834118	
20.639999	-0.00473550	
20.660000	0.00128987	
20.680000	0.00564122	
20.699999	0.00827460	
20.719999	0.00766577	
20.740000	0.00228848	
20.760000	-0.00582328	
20.779999	-0.01298061	
20.799999	-0.01558337	
20.820000	-0.01553404	
20.840000	-0.01568794	
20.859999	-0.01535529	
20.879999	-0.01455455	
20.900000	-0.01152769	
20.920000	-0.00720572	
20.939999	-0.00027975	
20.959999	0.00585163	
20.980000	0.01179974	
21.000000	0.01532733	
21.020000	0.01652423	
21.039999	0.01589629	
21.059999	0.01176666	
21.080000	0.00455302	
21.100000	-0.00590219	
21.119999	-0.01324095	
21.139999	-0.01680923	
21.160000	-0.01717888	
21.180000	-0.01713675	
21.199999	-0.01680923	
21.219999	-0.01481447	
21.240000	-0.01281951	
21.260000	-0.00770976	
21.279999	-0.00207746	
21.299999	0.00749892	
21.320000	0.01510562	
21.340000	0.02231823	
21.359999	0.02521749	
21.379999	0.02497707	
21.400000	0.02084333	
21.420000	0.01141487	
21.439999	-0.00047804	
21.459999	-0.01069325	
21.480000	-0.01561315	
21.500000	-0.01538281	
21.520000	-0.01469201	
21.539999	-0.01365764	
21.559999	-0.01299272	
21.580000	-0.01075839	
21.600000	-0.00584300	
21.619999	0.00228457	
21.639999	0.01026462	
21.660000	0.01753353	
21.680000	0.02204062	
21.699999	0.02550638	
21.719999	0.02665786	
21.740000	0.02556720	
21.760000	0.02264288	
21.779999	0.01529199	
21.799999	0.00515732	
21.820000	-0.00525412	
21.840000	-0.01121351	
21.859999	-0.01271842	
21.879999	-0.01261897	
21.900000	-0.01217575	
21.920000	-0.01193288	
21.939999	-0.00945485	
21.959999	-0.00508069	
21.980000	0.00249909	
22.000000	0.00866602	
22.020000	0.01326272	
