Time	Knee_Angle_left X
0.000000	147.31710815	
0.020000	148.91354370	
0.040000	150.06343079	
0.060000	150.58000183	
0.080000	151.01405334	
0.100000	151.54699707	
0.120000	152.27894592	
0.140000	152.70573425	
0.160000	153.12620544	
0.180000	153.67164612	
0.200000	154.38568115	
0.220000	155.05091858	
0.240000	155.57556152	
0.260000	156.06538391	
0.280000	156.43205261	
0.300000	156.59832764	
0.320000	156.47065735	
0.340000	155.99023438	
0.360000	154.90731812	
0.380000	153.25929260	
0.400000	150.94503784	
0.420000	148.07870483	
0.440000	144.64286804	
0.460000	140.83775330	
0.480000	137.04850769	
0.500000	133.68362427	
0.520000	131.13922119	
0.540000	129.66076660	
0.560000	129.38761902	
0.580000	130.28317261	
0.600000	132.20538330	
0.620000	134.90055847	
0.640000	138.14973450	
0.660000	141.67599487	
0.680000	145.17071533	
0.700000	148.23132324	
0.720000	150.46861267	
0.740000	151.69717407	
0.760000	152.05413818	
0.780000	151.84341431	
0.800000	151.33506775	
0.820000	150.79655457	
0.840000	150.41239929	
0.860000	150.19694519	
0.880000	150.02978516	
0.900000	149.94506836	
0.920000	150.02795410	
0.940000	150.26286316	
0.960000	150.54789734	
0.980000	150.89060974	
1.000000	151.39916992	
1.020000	152.29411316	
1.040000	153.40193176	
1.060000	154.66006470	
1.080000	155.83001709	
1.100000	156.94175720	
1.120000	157.88609314	
1.140000	158.57505798	
1.160000	159.02638245	
1.180000	159.20056152	
1.200000	159.04071045	
1.220000	158.40734863	
1.240000	156.92677307	
1.260000	154.44514465	
1.280000	151.04031372	
1.300000	147.10469055	
1.320000	142.95620728	
1.340000	138.85307312	
1.360000	135.15551758	
1.380000	132.15371704	
1.400000	130.09732056	
1.420000	129.09428406	
1.440000	129.17262268	
1.460000	130.24594116	
1.480000	132.19606018	
1.500000	134.84625244	
1.520000	138.00839233	
1.540000	141.42352295	
1.560000	144.70204163	
1.580000	147.28541565	
1.600000	148.92449951	
1.620000	149.75939941	
1.640000	150.06375122	
1.660000	150.20118713	
1.680000	150.23716736	
1.700000	150.81898499	
1.720000	150.79577637	
1.740000	150.69631958	
1.760000	150.17662048	
1.780000	150.39228821	
1.800000	150.90599060	
1.820000	151.62866211	
1.840000	152.45732117	
1.860000	153.29042053	
1.880000	154.07208252	
1.900000	154.77072144	
1.920000	155.43492126	
1.940000	156.06541443	
1.960000	156.65870667	
1.980000	157.14152527	
2.000000	157.49114990	
2.020000	157.63088989	
2.040000	157.51087952	
2.060000	156.98663330	
2.080000	155.92231750	
2.100000	154.14344788	
2.120000	151.61886597	
2.140000	148.36726379	
2.160000	144.34704590	
2.180000	139.79711914	
2.200000	135.33972168	
2.220000	131.62907410	
2.240000	129.06987000	
2.260000	127.59349823	
2.280000	127.21395874	
2.300000	127.85014343	
2.320000	129.34928894	
2.340000	131.47277832	
2.360000	133.98536682	
2.380000	136.62977600	
2.400000	139.02549744	
2.420000	140.81457520	
2.440000	141.85801697	
2.460000	142.35072327	
2.480000	142.50306702	
2.500000	142.57090759	
2.520000	142.77473450	
2.540000	143.27796936	
2.560000	143.96910095	
2.580000	144.73712158	
2.600000	145.63493347	
2.620000	146.78372192	
2.640000	148.15332031	
2.660000	149.65740967	
2.680000	151.22758484	
2.700000	152.63618469	
2.720000	153.87507629	
2.740000	154.91514587	
2.760000	155.96678162	
2.780000	156.98612976	
2.800000	157.99015808	
2.820000	158.93386841	
2.840000	159.78672791	
2.860000	160.51605225	
2.880000	161.04975891	
2.900000	161.30023193	
2.920000	161.13063049	
2.940000	160.39239502	
2.960000	158.96769714	
2.980000	156.83740234	
3.000000	154.04037476	
3.020000	150.66995239	
3.040000	146.90539551	
3.060000	142.98805237	
3.080000	139.20425415	
3.100000	135.82986450	
3.120000	133.17436218	
3.140000	131.42550659	
3.160000	130.70989990	
3.180000	130.98663330	
3.200000	132.20683289	
3.220000	134.18821716	
3.240000	136.75190735	
3.260000	139.62193298	
3.280000	142.50537109	
3.300000	145.03047180	
3.320000	146.90480042	
3.340000	148.02476501	
3.360000	148.59205627	
3.380000	148.89726257	
3.400000	149.20544434	
3.420000	149.65686035	
3.440000	150.30456543	
3.460000	150.98744202	
3.480000	151.56610107	
3.500000	151.98677063	
3.520000	152.35444641	
3.540000	152.64077759	
3.560000	152.85781860	
3.580000	152.98455811	
3.600000	153.11408997	
3.620000	153.27139282	
3.640000	153.54591370	
3.660000	153.91914368	
3.680000	154.38546753	
3.700000	154.86003113	
3.720000	155.30757141	
3.740000	155.68402100	
3.760000	155.96711731	
3.780000	156.12594604	
3.800000	156.07987976	
3.820000	155.71086121	
3.840000	154.88195801	
3.860000	153.46841431	
3.880000	151.37825012	
3.900000	148.57986450	
3.920000	145.17864990	
3.940000	141.38574219	
3.960000	137.55174255	
3.980000	134.03819275	
4.000000	131.22578430	
4.020000	129.34150696	
4.040000	128.50831604	
4.060000	128.68493652	
4.080000	129.78283691	
4.100000	131.64260864	
4.120000	134.13862610	
4.140000	137.10069275	
4.160000	140.30986023	
4.180000	143.37760925	
4.200000	145.88281250	
4.220000	147.52491760	
4.240000	148.36286926	
4.260000	148.65815735	
4.280000	148.76829529	
4.300000	148.96318054	
4.320000	149.41612244	
4.340000	150.00889587	
4.360000	150.53129578	
4.380000	150.87780762	
4.400000	151.14530945	
4.420000	151.40943909	
4.440000	151.69833374	
4.460000	152.05001831	
4.480000	152.49491882	
4.500000	153.01881409	
4.520000	153.58784485	
4.540000	154.17997742	
4.560000	154.76173401	
4.580000	155.27185059	
4.600000	155.68182373	
4.620000	155.95713806	
4.640000	156.11184692	
4.660000	156.10621643	
4.680000	155.92338562	
4.700000	155.46679688	
4.720000	154.68325806	
4.740000	153.42884827	
4.760000	151.64114380	
4.780000	149.21549988	
4.800000	146.21592712	
4.820000	142.75262451	
4.840000	139.10256958	
4.860000	135.55525208	
4.880000	132.49766541	
4.900000	130.22395325	
4.920000	128.92707825	
4.940000	128.64128113	
4.960000	129.34236145	
4.980000	130.92684937	
5.000000	133.25834656	
5.020000	136.16326904	
5.040000	139.47615051	
5.060000	142.94467163	
5.080000	146.21803284	
5.100000	148.85829163	
5.120000	150.54742432	
5.140000	151.29084778	
5.160000	151.38627625	
5.180000	151.18093872	
5.200000	151.00582886	
5.220000	151.10867310	
5.240000	151.48898315	
5.260000	151.93310547	
5.280000	152.43371582	
5.300000	153.16082764	
5.320000	154.18647766	
5.340000	155.23567200	
5.360000	155.99470520	
5.380000	156.27346802	
5.400000	155.98046875	
5.420000	155.56181335	
5.440000	155.64266968	
5.460000	156.21897888	
5.480000	156.91305542	
5.500000	157.23805237	
5.520000	157.30863953	
5.540000	157.08549500	
5.560000	156.50398254	
5.580000	155.49220276	
5.600000	153.97015381	
5.620000	151.86790466	
5.640000	149.15507507	
5.660000	145.91885376	
5.680000	142.36640930	
5.700000	138.77091980	
5.720000	135.47608948	
5.740000	132.77871704	
5.760000	130.93478394	
5.780000	130.05680847	
5.800000	130.13566589	
5.820000	131.06568909	
5.840000	132.69566345	
5.860000	134.88067627	
5.880000	137.43530273	
5.900000	140.17361450	
5.920000	142.87020874	
5.940000	145.26734924	
5.960000	147.10545349	
5.980000	148.30563354	
6.000000	149.04107666	
6.020000	149.59117126	
6.040000	150.15985107	
6.060000	150.83863831	
6.080000	151.63081360	
6.100000	152.41169739	
6.120000	153.03311157	
6.140000	153.48297119	
6.160000	153.89234924	
6.180000	153.93411255	
6.200000	154.10827637	
6.220000	154.49804688	
6.240000	155.25486755	
6.260000	155.90016174	
6.280000	156.39979553	
6.300000	157.02894592	
6.320000	157.83798218	
6.340000	158.72479248	
6.360000	159.61685181	
6.380000	160.35429382	
6.400000	160.88163757	
6.420000	161.13374329	
6.440000	161.02261353	
6.460000	160.42350769	
6.480000	159.19219971	
6.500000	157.20382690	
6.520000	154.38731384	
6.540000	150.83085632	
6.560000	146.78550720	
6.580000	142.59844971	
6.600000	138.51466370	
6.620000	134.79652405	
6.640000	132.43594360	
6.660000	131.25761414	
6.680000	131.34547424	
6.700000	131.92819214	
6.720000	133.34457397	
6.740000	135.43089294	
6.760000	138.03974915	
6.780000	141.02366638	
6.800000	144.12117004	
6.820000	146.93025208	
6.840000	149.11018372	
6.860000	150.50389099	
6.880000	151.25843811	
6.900000	151.52305603	
6.920000	151.56518555	
6.940000	151.59983826	
6.960000	151.64607239	
6.980000	151.50621033	
7.000000	151.05574036	
7.020000	150.53700256	
7.040000	150.35220337	
7.060000	150.71820068	
7.080000	151.61204529	
7.100000	152.51986694	
7.120000	153.25248718	
7.140000	153.68807983	
7.160000	154.16177368	
7.180000	154.72027588	
7.200000	155.41491699	
7.220000	156.16375732	
7.240000	156.87203979	
7.260000	157.43780518	
7.280000	157.84124756	
7.300000	158.00299072	
7.320000	157.83850098	
7.340000	157.17282104	
7.360000	155.89971924	
7.380000	153.83969116	
7.400000	151.04312134	
7.420000	147.57225037	
7.440000	143.73400879	
7.460000	139.79154968	
7.480000	136.19763184	
7.500000	133.22355652	
7.520000	131.15945435	
7.540000	130.06796265	
7.560000	130.00654602	
7.580000	130.84896851	
7.600000	132.47651672	
7.620000	134.70233154	
7.640000	137.36880493	
7.660000	140.24504089	
7.680000	143.03964233	
7.700000	145.39947510	
7.720000	147.05371094	
7.740000	148.00341797	
7.760000	148.44140625	
7.780000	148.62448120	
7.800000	148.75564575	
7.820000	149.01066589	
7.840000	149.42097473	
7.860000	149.88877869	
7.880000	150.37985229	
7.900000	150.97204590	
7.920000	151.72532654	
7.940000	152.51062012	
7.960000	153.22193909	
7.980000	153.77975464	
8.000000	154.19265747	
8.020000	154.48260498	
8.040000	154.77256775	
8.059999	155.14030457	
8.080000	155.61956787	
8.099999	156.14328003	
8.120000	156.68244934	
8.139999	157.18049622	
8.160000	157.60650635	
8.179999	157.90533447	
8.200000	158.02586365	
8.220000	157.85493469	
8.240000	157.25129700	
8.260000	156.06192017	
8.280000	154.18966675	
8.300000	151.60884094	
8.320000	148.15634155	
8.340000	144.14344788	
8.360000	139.91339111	
8.380000	136.02839661	
8.400000	132.69442749	
8.420000	130.10112000	
8.440000	128.46421814	
8.460000	127.83966827	
8.480000	128.22314453	
8.500000	129.48825073	
8.520000	131.47789001	
8.540000	133.99894714	
8.559999	136.79357910	
8.580000	139.56979370	
8.599999	141.95346069	
8.620000	143.69438171	
8.639999	144.74716187	
8.660000	145.31356812	
8.679999	145.61386108	
8.700000	145.84486389	
8.720000	146.20042419	
8.740000	146.76022339	
8.760000	147.50816345	
8.780000	148.43121338	
8.800000	149.66415405	
8.820000	151.14895630	
8.840000	152.47257996	
8.860000	153.44152832	
8.880000	154.04241943	
8.900000	154.50201416	
8.920000	154.86558533	
8.940000	155.21263123	
8.960000	155.62948608	
8.980000	156.10362244	
9.000000	156.59524536	
9.020000	157.03007507	
9.040000	157.37512207	
9.059999	157.54591370	
9.080000	157.46319580	
9.099999	156.96760559	
9.120000	155.92857361	
9.139999	154.20268250	
9.160000	151.75822449	
9.179999	148.61497498	
9.200000	144.75212097	
9.220000	140.48931885	
9.240000	136.21044922	
9.260000	132.46208191	
9.280000	129.50123596	
9.300000	127.49175262	
9.320000	126.51971436	
9.340000	126.51692200	
9.360000	127.40444946	
9.380000	129.01506042	
9.400000	131.21559143	
9.420000	133.82429504	
9.440000	136.66911316	
9.460000	139.49565125	
9.480000	142.04624939	
9.500000	144.02458191	
9.520000	145.31170654	
9.540000	145.99049377	
9.559999	146.28880310	
9.580000	146.39559937	
9.599999	146.50451660	
9.620000	146.76110840	
9.639999	147.18687439	
9.660000	147.72517395	
9.679999	148.42541504	
9.700000	149.37869263	
9.719999	150.55497742	
9.740000	151.83668518	
9.760000	153.08918762	
9.780000	154.05657959	
9.800000	154.69895935	
9.820000	155.08332825	
9.840000	155.49197388	
9.860000	155.99099731	
9.880000	156.61100769	
9.900000	157.26655579	
9.920000	157.88430786	
9.940000	158.35252380	
9.960000	158.65640259	
9.980000	158.69728088	
10.000000	158.41462708	
10.020000	157.66757202	
10.040000	156.35351563	
10.059999	154.34564209	
10.080000	151.63926697	
10.099999	148.27606201	
10.120000	144.46260071	
10.139999	140.46226501	
10.160000	136.65681458	
10.179999	133.39450073	
10.200000	131.01383972	
10.219999	129.51284790	
10.240000	129.11543274	
10.260000	129.51252747	
10.280000	131.50471497	
10.300000	134.26829529	
10.320000	137.79348755	
10.340000	141.03140259	
10.360000	144.12704468	
10.380000	146.68550110	
10.400000	148.44865417	
10.420000	149.41018677	
10.440000	149.78149414	
10.460000	149.75317383	
10.480000	149.51119995	
10.500000	149.22801208	
10.520000	149.02900696	
10.540000	148.88385010	
10.559999	148.87626648	
10.580000	149.12908936	
10.599999	149.67449951	
10.620000	150.33158875	
10.639999	150.99250793	
10.660000	151.45806885	
10.679999	152.02468872	
10.700000	152.57423401	
10.719999	153.35258484	
10.740000	154.07711792	
10.760000	154.80290222	
10.780000	155.44688416	
10.800000	155.96684265	
10.820000	156.33578491	
10.840000	156.50711060	
10.860000	156.43138123	
10.880000	155.99450684	
10.900000	155.02296448	
10.920000	153.34509277	
10.940000	150.86039734	
10.960000	147.57983398	
10.980000	143.27821350	
11.000000	138.98377991	
11.020000	134.70100403	
11.040000	131.22425842	
11.059999	128.21669006	
11.080000	126.33374023	
11.099999	125.65625000	
11.120000	126.18711853	
11.139999	127.75254822	
11.160000	130.19544983	
11.179999	133.24073792	
11.200000	136.64155579	
11.219999	140.04130554	
11.240000	143.06929016	
11.259999	145.34201050	
11.280000	146.70896912	
11.300000	147.30415344	
11.320000	147.41120911	
11.340000	147.25860596	
11.360000	147.07069397	
11.380000	147.02832031	
11.400000	147.17782593	
11.420000	147.48666382	
11.440000	148.00927734	
11.460000	148.80108643	
11.480000	149.76776123	
11.500000	150.74661255	
11.520000	151.67018127	
11.540000	152.50502014	
11.559999	153.26126099	
11.580000	153.97259521	
11.599999	154.68971252	
11.620000	155.38412476	
11.639999	156.00222778	
11.660000	156.51597595	
11.679999	156.86412048	
11.700000	156.93968201	
11.719999	156.60101318	
11.740000	155.71411133	
11.759999	154.15655518	
11.780000	151.86735535	
11.800000	148.88394165	
11.820000	145.33346558	
11.840000	141.51644897	
11.860000	137.78230286	
11.880000	134.54913330	
11.900000	132.13714600	
11.920000	130.79826355	
11.940000	130.60192871	
11.960000	131.48837280	
11.980000	133.28192139	
12.000000	135.80555725	
12.020000	138.85737610	
12.040000	142.20233154	
12.059999	145.53228760	
12.080000	148.44366455	
12.099999	150.56144714	
12.120000	151.77748108	
12.139999	152.27784729	
12.160000	152.33792114	
12.179999	152.22956848	
12.200000	152.19279480	
12.219999	152.34848022	
12.240000	152.60923767	
12.259999	152.89654541	
12.280000	153.28268433	
12.300000	153.84957886	
12.320000	154.52566528	
12.340000	155.18833923	
12.360000	155.80348206	
12.380000	156.37498474	
12.400000	156.93518066	
12.420000	157.49960327	
12.440000	158.09118652	
12.460000	158.62490845	
12.480000	158.99116516	
12.500000	159.00051880	
12.520000	158.51890564	
12.540000	157.37364197	
12.559999	155.48410034	
12.580000	152.80763245	
12.599999	149.46200562	
12.620000	145.63117981	
12.639999	141.68769836	
12.660000	137.98721313	
12.679999	134.94398499	
12.700000	132.80360413	
12.719999	131.78385925	
12.740000	131.88693237	
12.759999	133.06040955	
12.780000	135.08049011	
12.799999	137.72831726	
12.820000	140.71266174	
12.840000	143.71189880	
12.860000	146.32861328	
12.880000	148.21958923	
12.900000	149.31768799	
12.920000	149.77378845	
12.940000	149.77207947	
12.960000	149.50823975	
12.980000	149.21929932	
13.000000	149.07061768	
13.020000	149.04737854	
13.040000	149.19219971	
13.059999	149.61293030	
13.080000	150.33236694	
13.099999	151.18823242	
13.120000	152.07991028	
13.139999	152.99034119	
13.160000	153.91992188	
13.179999	154.88087463	
13.200000	155.87922668	
13.219999	156.91062927	
13.240000	157.84236145	
13.259999	158.57362366	
13.280000	158.99206543	
13.299999	159.07456970	
13.320000	158.52534485	
13.340000	157.27491760	
13.360000	155.27853394	
13.380000	152.74769592	
13.400000	149.70509338	
13.420000	146.16305542	
13.440000	142.26817322	
13.460000	138.20886230	
13.480000	134.27375793	
13.500000	130.73527527	
13.520000	127.94094086	
13.540000	126.10832214	
13.559999	125.42774200	
13.580000	125.89785004	
13.599999	127.46283722	
13.620000	129.90991211	
13.639999	132.99291992	
13.660000	136.43513489	
13.679999	139.97924805	
13.700000	143.31024170	
13.719999	146.04260254	
13.740000	147.91806030	
13.759999	148.94380188	
13.780000	149.34469604	
13.799999	149.36607361	
13.820000	149.26896667	
13.840000	149.27540588	
13.860000	149.44686890	
13.880000	149.71653748	
13.900000	150.08633423	
13.920000	150.66717529	
13.940000	151.48291016	
13.960000	152.44400024	
13.980000	153.45338440	
14.000000	154.45593262	
14.020000	155.39947510	
14.040000	156.28915405	
14.059999	157.15097046	
14.080000	157.99559021	
14.099999	158.77545166	
14.120000	159.41976929	
14.139999	159.89445496	
14.160000	160.13781738	
14.179999	160.06573486	
14.200000	159.54814148	
14.219999	158.44975281	
14.240000	156.64952087	
14.259999	154.07890320	
14.280000	150.80686951	
14.299999	146.98561096	
14.320000	142.90213013	
14.340000	138.81141663	
14.360000	135.09510803	
14.380000	132.01942444	
14.400000	129.81384277	
14.420000	128.56367493	
14.440000	128.30844116	
14.460000	128.94583130	
14.480000	130.35627747	
14.500000	132.41143799	
14.520000	135.00093079	
14.540000	137.93206787	
14.559999	140.96989441	
14.580000	143.83134460	
14.599999	146.18812561	
14.620000	147.80426025	
14.639999	148.74328613	
14.660000	149.25086975	
14.679999	149.54153442	
14.700000	149.83761597	
14.719999	150.53373718	
14.740000	151.35121155	
14.759999	151.85310364	
14.780000	151.71989441	
14.799999	151.48190308	
14.820000	151.76181030	
14.839999	152.81167603	
14.860000	154.05146790	
14.880000	155.08749390	
14.900000	155.60499573	
14.920000	155.98828125	
14.940000	156.37774658	
14.960000	156.85911560	
14.980000	157.47431946	
15.000000	158.16510010	
15.020000	158.92094421	
15.040000	159.72325134	
15.059999	160.51550293	
15.080000	161.18923950	
15.099999	161.56387329	
15.120000	161.42568970	
15.139999	160.55615234	
15.160000	158.77864075	
15.179999	156.02864075	
15.200000	152.38464355	
15.219999	148.07345581	
15.240000	143.43257141	
15.259999	138.85238647	
15.280000	134.75086975	
15.299999	131.45523071	
15.320000	129.20619202	
15.339999	128.12025452	
15.360000	128.20709229	
15.380000	129.37219238	
15.400000	131.45260620	
15.420000	134.24751282	
15.440000	137.52297974	
15.460000	140.97004700	
15.480000	144.19868469	
15.500000	146.82698059	
15.520000	148.55676270	
15.540000	149.40109253	
15.559999	149.61303711	
15.580000	149.69935608	
15.599999	149.63121033	
15.620000	149.74212646	
15.639999	149.87124634	
15.660000	150.21382141	
15.679999	150.54910278	
15.700000	151.00483704	
15.719999	151.61445618	
15.740000	152.31907654	
15.759999	152.99398804	
15.780000	153.63113403	
15.799999	154.17335510	
15.820000	154.68585205	
15.839999	155.20251465	
15.860000	155.73602295	
15.880000	156.12480164	
15.900000	156.22059631	
15.920000	155.84730530	
15.940000	154.83004761	
15.960000	153.06985474	
15.980000	150.50172424	
16.000000	146.84260559	
16.020000	142.26838684	
16.039999	137.29339600	
16.059999	132.80065918	
16.080000	129.33305359	
16.100000	127.11511993	
16.119999	126.28599548	
16.139999	126.76676941	
16.160000	128.39453125	
16.180000	130.86204529	
16.199999	133.79917908	
16.219999	137.12039185	
16.240000	140.70916748	
16.260000	144.18785095	
16.279999	147.06813049	
16.299999	148.83901978	
16.320000	149.79267883	
16.340000	150.07664490	
16.359999	149.91804504	
16.379999	149.49031067	
16.400000	149.00418091	
16.420000	148.74171448	
16.440001	148.78643799	
16.459999	149.20072937	
16.480000	149.99293518	
16.500000	150.96017456	
16.520000	151.95436096	
16.539999	152.94366455	
16.559999	153.96916199	
16.580000	155.07373047	
16.600000	156.30650330	
16.619999	157.60354614	
16.639999	158.70559692	
16.660000	159.51789856	
16.680000	160.03768921	
16.699999	160.38067627	
16.719999	160.44065857	
16.740000	159.90423584	
16.760000	158.98925781	
16.779999	157.42889404	
16.799999	155.33511353	
16.820000	152.33088684	
16.840000	148.72268677	
16.859999	144.73335266	
16.879999	140.69548035	
16.900000	136.91889954	
16.920000	133.74412537	
16.940001	131.38485718	
16.959999	129.97647095	
16.980000	129.49562073	
17.000000	129.90705872	
17.020000	131.10101318	
17.039999	132.97282410	
17.059999	135.38905334	
17.080000	138.19470215	
17.100000	141.14036560	
17.119999	143.86474609	
17.139999	145.98503113	
17.160000	147.33160400	
17.180000	148.00291443	
17.199999	148.21083069	
17.219999	148.15975952	
17.240000	148.08274841	
17.260000	148.13624573	
17.279999	148.30433655	
17.299999	148.52177429	
17.320000	148.85144043	
17.340000	149.38186646	
17.359999	150.05313110	
17.379999	150.73960876	
17.400000	151.40011597	
17.420000	152.01368713	
17.440001	152.62390137	
17.459999	153.25544739	
17.480000	154.01217651	
17.500000	154.83042908	
17.520000	155.70838928	
17.539999	156.53610229	
17.559999	157.34170532	
17.580000	158.01751709	
17.600000	158.57409668	
17.619999	158.88317871	
17.639999	158.84880066	
17.660000	158.25332642	
17.680000	156.95727539	
17.699999	154.69268799	
17.719999	151.50085449	
17.740000	147.33607483	
17.760000	142.63743591	
17.779999	137.72251892	
17.799999	133.13682556	
17.820000	129.20651245	
17.840000	126.23963928	
17.859999	124.34708405	
17.879999	123.59968567	
17.900000	123.90898895	
17.920000	125.18547058	
17.940001	127.23619843	
17.959999	129.86508179	
17.980000	132.78846741	
18.000000	135.63597107	
18.020000	137.96572876	
18.039999	139.51612854	
18.059999	140.35200500	
18.080000	140.75201416	
18.100000	140.99223328	
18.119999	141.34590149	
18.139999	141.96487427	
18.160000	142.83642578	
18.180000	143.78732300	
18.199999	144.87094116	
18.219999	146.19378662	
18.240000	147.81610107	
18.260000	149.59793091	
18.279999	151.46673584	
18.299999	153.23847961	
18.320000	154.68453979	
18.340000	155.76829529	
18.359999	156.61305237	
18.379999	157.37712097	
18.400000	158.08189392	
18.420000	158.71672058	
18.440001	159.26957703	
18.459999	159.69334412	
18.480000	159.87269592	
18.500000	159.73323059	
18.520000	158.90101624	
18.539999	157.19679260	
18.559999	154.49380493	
18.580000	150.99462891	
18.600000	146.95050049	
18.619999	142.63746643	
18.639999	138.52664185	
18.660000	134.97105408	
18.680000	132.33575439	
18.699999	130.76139832	
18.719999	130.33592224	
18.740000	130.96011353	
18.760000	132.53294373	
18.779999	134.87145996	
18.799999	137.79458618	
18.820000	141.03735352	
18.840000	144.26086426	
18.859999	147.02227783	
18.879999	148.97483826	
18.900000	150.05235291	
18.920000	150.44291687	
18.939999	150.38520813	
18.959999	150.15058899	
18.980000	150.01396179	
19.000000	150.06849670	
19.020000	150.23681641	
19.039999	150.48414612	
19.059999	150.90197754	
19.080000	151.49069214	
19.100000	152.16206360	
19.119999	152.86965942	
19.139999	153.59712219	
19.160000	154.35144043	
19.180000	155.31190491	
19.199999	156.52052307	
19.219999	157.75515747	
19.240000	158.81857300	
19.260000	159.65840149	
19.279999	160.41987610	
19.299999	161.06570435	
19.320000	161.55145264	
19.340000	161.80180359	
19.359999	161.72595215	
19.379999	161.23381042	
19.400000	160.24380493	
19.420000	158.64424133	
19.439999	156.38250732	
19.459999	153.41021729	
19.480000	149.74891663	
19.500000	145.49652100	
19.520000	140.94122314	
19.539999	136.43539429	
19.559999	132.40464783	
19.580000	129.19676208	
19.600000	127.08525848	
19.619999	126.16303253	
19.639999	126.41642761	
19.660000	127.71472168	
19.680000	129.88081360	
19.699999	132.69097900	
19.719999	135.90452576	
19.740000	139.22137451	
19.760000	142.30786133	
19.779999	144.78890991	
19.799999	146.43986511	
19.820000	147.29647827	
19.840000	147.64770508	
19.859999	147.74530029	
19.879999	147.82684326	
19.900000	148.05938721	
19.920000	148.50813293	
19.939999	149.03643799	
19.959999	149.62753296	
19.980000	150.34704590	
20.000000	151.26957703	
20.020000	152.22601318	
20.039999	153.25952148	
20.059999	154.25410461	
20.080000	155.24075317	
20.100000	156.06544495	
20.119999	156.82141113	
20.139999	157.57180786	
20.160000	158.28826904	
20.180000	158.93547058	
20.199999	159.42582703	
20.219999	159.71533203	
20.240000	159.65475464	
20.260000	159.09136963	
20.279999	157.87995911	
20.299999	155.93750000	
20.320000	152.93623352	
20.340000	149.10131836	
20.359999	144.67816162	
20.379999	140.13217163	
20.400000	135.70109558	
20.420000	131.74990845	
20.439999	128.77783203	
20.459999	126.94195557	
20.480000	126.25028229	
20.500000	126.60842133	
20.520000	127.89787292	
20.539999	129.98262024	
20.559999	132.72938538	
20.580000	135.94805908	
20.600000	139.39761353	
20.619999	142.79743958	
20.639999	145.83744812	
20.660000	148.20359802	
20.680000	149.76705933	
20.699999	150.65785217	
20.719999	151.15545654	
20.740000	151.45552063	
20.760000	151.74142456	
20.779999	152.09509277	
20.799999	152.51361084	
20.820000	152.87158203	
20.840000	153.19958496	
20.859999	153.55418396	
20.879999	153.91017151	
20.900000	154.20846558	
20.920000	154.71638489	
20.939999	155.32376099	
20.959999	156.09596252	
20.980000	156.60102844	
21.000000	157.09228516	
21.020000	157.48167419	
21.039999	157.97856140	
21.059999	158.48005676	
21.080000	158.96174622	
21.100000	159.27682495	
21.119999	159.33778381	
21.139999	159.03752136	
21.160000	158.23043823	
21.180000	156.74476624	
21.199999	154.49707031	
21.219999	151.41178894	
21.240000	147.61270142	
21.260000	143.28800964	
21.279999	138.88662720	
21.299999	134.44203186	
21.320000	130.83447266	
21.340000	128.37435913	
21.359999	127.51087952	
21.379999	127.71746063	
21.400000	128.77203369	
21.420000	130.50669861	
21.439999	132.76651001	
21.459999	135.38410950	
21.480000	138.17282104	
21.500000	140.93925476	
21.520000	143.41023254	
21.539999	145.32566833	
21.559999	146.52339172	
21.580000	147.11915588	
21.600000	147.32167053	
21.619999	147.33763123	
21.639999	147.31961060	
21.660000	147.40385437	
21.680000	147.63085938	
21.699999	147.98660278	
21.719999	148.55682373	
21.740000	149.43214417	
21.760000	150.61999512	
21.779999	151.95399475	
21.799999	153.34068298	
21.820000	154.65184021	
21.840000	155.71884155	
21.859999	156.52670288	
21.879999	157.16931152	
21.900000	157.81388855	
21.920000	158.49896240	
21.939999	159.14385986	
21.959999	159.70816040	
21.980000	160.40527344	
22.000000	160.87232971	
22.020000	161.16398621	
