Time	Knee_Angle_right_4.81 X
0.000000	165.12869263	
0.020000	167.22117615	
0.040000	169.05577087	
0.060000	170.46038818	
0.080000	171.87544250	
0.100000	173.07298279	
0.120000	174.09875488	
0.140000	175.08503723	
0.160000	175.94714355	
0.180000	176.80137634	
0.200000	177.39634705	
0.220000	177.86791992	
0.240000	178.13961792	
0.260000	177.99659729	
0.280000	177.35791016	
0.300000	176.22761536	
0.320000	174.63415527	
0.340000	172.81060791	
0.360000	170.76855469	
0.380000	168.53247070	
0.400000	165.63313293	
0.420000	161.56875610	
0.440000	156.24577332	
0.460000	149.56623840	
0.480000	142.54492188	
0.500000	135.97918701	
0.520000	130.85194397	
0.540000	126.94795990	
0.560000	124.26967621	
0.580000	122.86615753	
0.600000	122.81193542	
0.620000	124.15534210	
0.640000	126.53096008	
0.660000	129.95239258	
0.680000	134.26260376	
0.700000	139.39524841	
0.720000	145.58207703	
0.740000	152.81669617	
0.760000	161.28005981	
0.780000	170.20373535	
0.800000	178.65660095	
0.820000	175.01800537	
0.840000	172.16220093	
0.860000	173.33580017	
0.880000	177.58279419	
0.900000	177.43748474	
0.920000	173.29603577	
0.940000	169.13182068	
0.960000	164.94898987	
0.980000	161.32215881	
1.000000	159.84779358	
1.020000	159.98120117	
1.040000	160.24975586	
1.060000	160.51351929	
1.080000	161.05548096	
1.100000	162.66532898	
1.120000	164.92030334	
1.140000	167.45373535	
1.160000	169.25001526	
1.180000	170.49909973	
1.200000	171.32054138	
1.220000	172.57482910	
1.240000	173.92608643	
1.260000	175.38081360	
1.280000	176.52062988	
1.300000	177.63429260	
1.320000	178.55363464	
1.340000	179.26335144	
1.360000	179.63172913	
1.380000	179.43109131	
1.400000	178.68148804	
1.420000	177.39790344	
1.440000	175.69030762	
1.460000	173.81382751	
1.480000	171.80169678	
1.500000	169.34510803	
1.520000	166.39074707	
1.540000	162.23526001	
1.560000	156.95954895	
1.580000	150.53254700	
1.600000	143.88816833	
1.620000	137.82054138	
1.640000	132.87818909	
1.660000	129.16462708	
1.680000	126.64186096	
1.700000	125.17440033	
1.720000	124.61517334	
1.740000	125.33371735	
1.760000	127.36931610	
1.780000	130.70582581	
1.800000	134.41104126	
1.820000	138.43077087	
1.840000	143.15798950	
1.860000	149.03921509	
1.880000	156.00599670	
1.900000	163.84854126	
1.920000	171.83642578	
1.940000	178.93141174	
1.960000	176.43148804	
1.980000	174.57676697	
2.000000	175.57162476	
2.020000	178.75152588	
2.040000	177.66444397	
2.060000	173.49789429	
2.080000	169.29832458	
2.100000	165.25544739	
2.120000	162.93048096	
2.140000	162.72021484	
2.160000	163.34805298	
2.180000	163.83258057	
2.200000	164.07875061	
2.220000	164.66696167	
2.240000	166.15299988	
2.260000	168.23594666	
2.280000	169.92280579	
2.300000	171.10658264	
2.320000	171.71658325	
2.340000	172.88449097	
2.360000	174.36486816	
2.380000	175.98336792	
2.400000	177.33708191	
2.420000	178.03465271	
2.440000	178.39347839	
2.460000	178.62742615	
2.480000	178.80812073	
2.500000	178.73420715	
2.520000	177.90310669	
2.540000	176.60401917	
2.560000	174.70141602	
2.580000	172.38130188	
2.600000	169.57180786	
2.620000	166.21376038	
2.640000	162.21752930	
2.660000	156.72837830	
2.680000	150.41941833	
2.700000	143.65074158	
2.720000	137.83198547	
2.740000	133.08291626	
2.760000	129.49436951	
2.780000	127.04866791	
2.800000	125.65807343	
2.820000	125.22045135	
2.840000	126.08321381	
2.860000	127.93923187	
2.880000	130.95690918	
2.900000	134.65979004	
2.920000	139.13494873	
2.940000	144.32498169	
2.960000	150.46426392	
2.980000	157.61012268	
3.000000	165.67370605	
3.020000	173.91084290	
3.040000	178.51332092	
3.060000	172.89149475	
3.080000	170.38360596	
3.100000	171.70692444	
3.120000	175.94378662	
3.140000	179.34944153	
3.160000	175.31687927	
3.180000	171.48304749	
3.200000	167.77709961	
3.220000	164.87028503	
3.240000	164.20858765	
3.260000	164.55868530	
3.280000	165.06575012	
3.300000	164.96226501	
3.320000	165.26364136	
3.340000	166.28111267	
3.360000	168.10096741	
3.380000	169.88005066	
3.400000	171.14012146	
3.420000	172.15570068	
3.440000	173.14659119	
3.460000	174.59220886	
3.480000	175.99359131	
3.500000	177.20570374	
3.520000	178.09625244	
3.540000	178.61929321	
3.560000	178.88346863	
3.580000	178.90447998	
3.600000	178.89428711	
3.620000	178.59980774	
3.640000	177.74714661	
3.660000	176.43395996	
3.680000	174.71763611	
3.700000	172.71435547	
3.720000	170.42591858	
3.740000	167.71788025	
3.760000	164.30587769	
3.780000	159.35911560	
3.800000	153.29310608	
3.820000	146.38716125	
3.840000	139.98545837	
3.860000	134.37220764	
3.880000	129.96923828	
3.900000	126.67269897	
3.920000	124.51261902	
3.940000	123.54994202	
3.960000	123.98851776	
3.980000	125.66626740	
4.000000	128.51278687	
4.020000	132.27935791	
4.040000	136.71441650	
4.060000	141.98820496	
4.080000	148.10078430	
4.100000	155.21372986	
4.120000	163.06385803	
4.140000	170.98637390	
4.160000	178.42773438	
4.180000	175.53752136	
4.200000	171.77084351	
4.220000	171.37512207	
4.240000	174.08261108	
4.260000	178.10221863	
4.280000	178.16604614	
4.300000	174.18188477	
4.320000	170.19566345	
4.340000	166.79791260	
4.360000	165.50485229	
4.380000	165.77949524	
4.400000	166.39604187	
4.420000	166.88787842	
4.440000	167.36747742	
4.460000	168.56224060	
4.480000	170.29618835	
4.500000	172.39739990	
4.520000	174.16168213	
4.540000	175.83238220	
4.560000	177.14633179	
4.580000	178.63787842	
4.600000	179.64862061	
4.620000	179.78843689	
4.640000	179.86061096	
4.660000	179.94497681	
4.680000	179.63865662	
4.700000	179.45820618	
4.720000	179.06205750	
4.740000	178.48194885	
4.760000	177.50025940	
4.780000	176.32231140	
4.800000	174.80392456	
4.820000	172.79011536	
4.840000	170.31291199	
4.860000	167.03294373	
4.880000	163.24295044	
4.900000	158.17739868	
4.920000	152.55851746	
4.940000	146.43984985	
4.960000	141.08445740	
4.980000	136.35261536	
5.000000	132.50915527	
5.020000	129.51963806	
5.040000	127.65222931	
5.060000	126.93015289	
5.080000	127.53655243	
5.100000	129.32640076	
5.120000	132.17868042	
5.140000	135.66128540	
5.160000	139.61734009	
5.180000	144.17427063	
5.200000	149.56903076	
5.220000	155.69366455	
5.240000	162.64567566	
5.260000	169.98168945	
5.280000	177.28208923	
5.300000	176.54074097	
5.320000	172.64422607	
5.340000	171.85476685	
5.360000	174.34124756	
5.380000	178.59477234	
5.400000	176.51255798	
5.420000	171.10964966	
5.440000	166.23413086	
5.460000	163.08050537	
5.480000	162.67321777	
5.500000	163.32751465	
5.520000	163.70159912	
5.540000	163.72419739	
5.560000	164.20350647	
5.580000	165.69067383	
5.600000	167.64062500	
5.620000	169.38302612	
5.640000	170.42567444	
5.660000	171.32441711	
5.680000	172.06462097	
5.700000	173.14019775	
5.720000	173.98783875	
5.740000	174.89285278	
5.760000	175.54415894	
5.780000	176.24786377	
5.800000	176.89752197	
5.820000	177.34548950	
5.840000	177.07824707	
5.860000	176.38198853	
5.880000	175.04951477	
5.900000	173.50125122	
5.920000	171.40380859	
5.940000	168.96044922	
5.960000	166.09094238	
5.980000	162.70976257	
6.000000	158.68771362	
6.020000	153.65921021	
6.040000	148.13511658	
6.060000	142.33003235	
6.080000	137.19961548	
6.100000	132.47882080	
6.120000	129.05540466	
6.140000	126.73682404	
6.160000	125.88039398	
6.180000	125.92916870	
6.200000	127.13253021	
6.220000	129.47311401	
6.240000	133.01393127	
6.260000	137.43170166	
6.280000	142.72966003	
6.300000	148.94212341	
6.320000	156.21600342	
6.340000	164.44477844	
6.360000	172.76057434	
6.380000	179.64315796	
6.400000	174.28399658	
6.420000	171.72967529	
6.440000	172.49911499	
6.460000	176.03005981	
6.480000	179.96595764	
6.500000	175.85006714	
6.520000	171.73231506	
6.540000	167.23982239	
6.560000	163.81907654	
6.580000	162.75212097	
6.600000	163.38102722	
6.620000	164.31974792	
6.640000	164.49368286	
6.660000	164.57704163	
6.680000	165.25331116	
6.700000	166.73466492	
6.720000	168.30226135	
6.740000	169.99923706	
6.760000	171.51029968	
6.780000	172.76197815	
6.800000	173.53382874	
6.820000	174.68801880	
6.840000	175.96072388	
6.860000	177.26960754	
6.880000	177.98594666	
6.900000	178.55471802	
6.920000	178.66673279	
6.940000	178.53910828	
6.960000	177.63674927	
6.980000	176.42878723	
7.000000	174.71350098	
7.020000	172.74243164	
7.040000	170.38414001	
7.060000	167.68815613	
7.080000	164.48115540	
7.100000	160.47602844	
7.120000	155.50216675	
7.140000	149.88819885	
7.160000	144.08531189	
7.180000	138.59313965	
7.200000	133.98306274	
7.220000	130.16004944	
7.240000	127.33509827	
7.260000	125.35728455	
7.280000	124.96710205	
7.300000	126.05822754	
7.320000	128.55398560	
7.340000	131.93046570	
7.360000	135.69490051	
7.380000	139.92897034	
7.400000	144.91789246	
7.420000	150.89112854	
7.440000	157.75439453	
7.460000	165.04129028	
7.480000	172.63716125	
7.500000	179.96697998	
7.520000	173.97438049	
7.540000	170.62196350	
7.560000	171.15985107	
7.580000	174.69346619	
7.600000	179.04563904	
7.620000	176.43209839	
7.640000	171.16207886	
7.660000	165.64617920	
7.680000	161.85133362	
7.700000	161.01101685	
7.720000	161.56433105	
7.740000	162.17127991	
7.760000	162.33103943	
7.780000	162.89694214	
7.800000	164.28520203	
7.820000	166.30479431	
7.840000	168.25030518	
7.860000	169.78761292	
7.880000	171.08406067	
7.900000	172.46002197	
7.920000	173.83236694	
7.940000	175.01768494	
7.960000	175.73358154	
7.980000	176.43534851	
8.000000	176.93980408	
8.020000	177.45214844	
8.040000	177.58050537	
8.059999	177.23823547	
8.080000	176.30377197	
8.099999	174.93722534	
8.120000	173.17124939	
8.139999	171.02976990	
8.160000	168.45161438	
8.179999	165.43307495	
8.200000	161.94421387	
8.220000	157.27415466	
8.240000	151.70678711	
8.260000	145.45016479	
8.280000	139.67141724	
8.300000	134.73571777	
8.320000	131.07283020	
8.340000	128.21746826	
8.360000	126.22476959	
8.380000	125.06681061	
8.400000	125.35898590	
8.420000	126.98233795	
8.440000	129.83781433	
8.460000	133.54112244	
8.480000	137.82333374	
8.500000	142.61865234	
8.520000	148.04266357	
8.540000	154.31684875	
8.559999	161.49772644	
8.580000	169.07133484	
8.599999	176.37577820	
8.620000	177.42243958	
8.639999	173.25105286	
8.660000	171.82386780	
8.679999	173.51771545	
8.700000	177.19273376	
8.720000	178.45083618	
8.740000	173.15969849	
8.760000	167.51918030	
8.780000	162.86825562	
8.800000	161.03059387	
8.820000	161.33154297	
8.840000	161.98515320	
8.860000	162.38708496	
8.880000	162.73210144	
8.900000	163.84793091	
8.920000	165.48762512	
8.940000	167.29728699	
8.960000	168.80509949	
8.980000	170.13984680	
9.000000	171.42805481	
9.020000	172.66587830	
9.040000	174.28576660	
9.059999	175.84861755	
9.080000	177.42398071	
9.099999	178.48052979	
9.120000	179.34881592	
9.139999	179.86650085	
9.160000	179.87957764	
9.179999	179.36146545	
9.200000	177.97311401	
9.220000	176.24932861	
9.240000	174.23023987	
9.260000	172.16159058	
9.280000	169.82601929	
9.300000	166.83580017	
9.320000	163.03860474	
9.340000	158.05346680	
9.360000	152.10942078	
9.380000	145.83595276	
9.400000	140.10194397	
9.420000	135.36579895	
9.440000	131.57348633	
9.460000	128.49089050	
9.480000	126.43689728	
9.500000	125.60888672	
9.520000	126.17541504	
9.540000	127.80927277	
9.559999	130.46963501	
9.580000	133.54025269	
9.599999	137.39408875	
9.620000	141.85131836	
9.639999	147.63204956	
9.660000	154.37875366	
9.679999	162.27265930	
9.700000	170.54750061	
9.719999	178.55445862	
9.740000	175.03155518	
9.760000	171.24848938	
9.780000	170.94433594	
9.800000	173.89852905	
9.820000	178.26319885	
9.840000	176.95025635	
9.860000	171.77175903	
9.880000	166.89698792	
9.900000	163.61543274	
9.920000	162.96638489	
9.940000	163.73403931	
9.960000	164.34333801	
9.980000	164.55514526	
10.000000	164.98493958	
10.020000	166.36473083	
10.040000	168.35913086	
10.059999	170.41777039	
10.080000	172.03273010	
10.099999	173.55754089	
10.120000	174.94313049	
10.139999	176.31022644	
10.160000	177.51045227	
10.179999	178.22262573	
10.200000	178.72235107	
10.219999	178.95333862	
10.240000	179.16984558	
10.260000	179.28709412	
10.280000	179.22810364	
10.300000	178.92863464	
10.320000	178.10354614	
10.340000	176.83656311	
10.360000	175.10278320	
10.380000	173.12214661	
10.400000	170.86857605	
10.420000	168.04449463	
10.440000	163.92459106	
10.460000	158.23236084	
10.480000	151.55247498	
10.500000	144.75491333	
10.520000	138.79020691	
10.540000	133.85884094	
10.559999	130.15010071	
10.580000	127.29465485	
10.599999	125.41632080	
10.620000	124.59065247	
10.639999	125.27318573	
10.660000	127.36067200	
10.679999	130.90399170	
10.700000	134.74455261	
10.719999	139.10908508	
10.740000	143.86012268	
10.760000	149.84237671	
10.780000	156.52632141	
10.800000	164.18426514	
10.820000	171.95959473	
10.840000	179.26708984	
10.860000	175.30636597	
10.880000	172.56297302	
10.900000	173.21003723	
10.920000	176.58235168	
10.940000	178.93267822	
10.960000	174.11239624	
10.980000	169.31044006	
11.000000	165.28889465	
11.020000	163.21072388	
11.040000	163.27447510	
11.059999	164.07475281	
11.080000	164.40409851	
11.099999	164.58283997	
11.120000	165.32331848	
11.139999	166.95709229	
11.160000	168.93017578	
11.179999	170.62353516	
11.200000	171.96929932	
11.219999	172.93034363	
11.240000	173.89181519	
11.259999	175.26747131	
11.280000	176.69651794	
11.300000	177.98918152	
11.320000	178.71485901	
11.340000	179.26995850	
11.360000	179.65763855	
11.380000	179.73904419	
11.400000	179.68972778	
11.420000	179.26103210	
11.440000	178.64056396	
11.460000	177.39239502	
11.480000	175.57568359	
11.500000	173.17248535	
11.520000	170.37881470	
11.540000	166.87593079	
11.559999	162.09503174	
11.580000	155.76387024	
11.599999	148.76972961	
11.620000	141.97674561	
11.639999	136.33857727	
11.660000	131.77378845	
11.679999	128.38603210	
11.700000	125.83556366	
11.719999	124.06768799	
11.740000	123.60459900	
11.759999	124.67055511	
11.780000	127.38679504	
11.800000	131.04524231	
11.820000	135.24468994	
11.840000	140.19580078	
11.860000	145.90707397	
11.880000	152.74992371	
11.900000	160.33609009	
11.920000	168.55787659	
11.940000	176.66206360	
11.960000	176.55688477	
11.980000	172.26544189	
12.000000	171.26930237	
12.020000	173.74145508	
12.040000	178.10047913	
12.059999	177.23504639	
12.080000	172.69894409	
12.099999	168.21595764	
12.120000	164.69543457	
12.139999	163.44776917	
12.160000	164.18486023	
12.179999	165.14662170	
12.200000	165.20932007	
12.219999	165.24653625	
12.240000	165.92646790	
12.259999	167.76824951	
12.280000	169.93217468	
12.300000	171.69151306	
12.320000	172.96147156	
12.340000	173.87333679	
12.360000	175.22702026	
12.380000	176.57411194	
12.400000	177.91804504	
12.420000	178.73947144	
12.440000	179.25044250	
12.460000	179.46116638	
12.480000	179.33015442	
12.500000	179.21475220	
12.520000	178.83345032	
12.540000	178.34959412	
12.559999	177.38000488	
12.580000	176.10742188	
12.599999	174.35107422	
12.620000	172.25016785	
12.639999	169.79685974	
12.660000	167.02091980	
12.679999	162.94737244	
12.700000	157.40727234	
12.719999	150.66935730	
12.740000	143.93797302	
12.759999	137.94694519	
12.780000	133.17127991	
12.799999	129.71766663	
12.820000	127.21151733	
12.840000	125.42488098	
12.860000	125.11621094	
12.880000	126.62551880	
12.900000	129.84294128	
12.920000	133.58879089	
12.940000	137.53442383	
12.960000	142.18373108	
12.980000	147.94209290	
13.000000	154.93632507	
13.020000	162.75520325	
13.040000	171.05718994	
13.059999	179.05513000	
13.080000	174.50460815	
13.099999	170.72392273	
13.120000	170.68510437	
13.139999	174.32925415	
13.160000	179.53163147	
13.179999	175.47709656	
13.200000	170.80633545	
13.219999	165.90653992	
13.240000	161.90742493	
13.259999	160.32266235	
13.280000	160.96659851	
13.299999	161.89451599	
13.320000	161.90734863	
13.340000	161.78959656	
13.360000	162.51934814	
13.380000	164.54678345	
13.400000	166.78793335	
13.420000	168.48727417	
13.440000	169.86111450	
13.460000	171.03063965	
13.480000	172.48507690	
13.500000	173.88424683	
13.520000	175.22827148	
13.540000	176.48605347	
13.559999	177.36872864	
13.580000	178.05567932	
13.599999	178.35002136	
13.620000	178.59004211	
13.639999	178.39611816	
13.660000	177.78741455	
13.679999	176.62658691	
13.700000	175.07054138	
13.719999	173.15805054	
13.740000	170.87945557	
13.759999	168.41929626	
13.780000	165.29429626	
13.799999	161.24990845	
13.820000	155.99488831	
13.840000	149.92005920	
13.860000	143.48260498	
13.880000	137.37831116	
13.900000	132.32485962	
13.920000	128.68164063	
13.940000	126.27434540	
13.960000	124.91691589	
13.980000	124.62196350	
14.000000	125.67058563	
14.020000	127.81848907	
14.040000	130.97808838	
14.059999	134.60258484	
14.080000	139.23275757	
14.099999	144.87901306	
14.120000	151.95330811	
14.139999	159.96066284	
14.160000	168.45281982	
14.179999	176.58900452	
14.200000	177.01647949	
14.219999	173.51074219	
14.240000	173.17639160	
14.259999	175.98497009	
14.280000	179.71978760	
14.299999	175.64836121	
14.320000	170.93139648	
14.340000	165.77989197	
14.360000	162.19351196	
14.380000	161.08657837	
14.400000	162.18815613	
14.420000	163.44267273	
14.440000	163.75848389	
14.460000	163.84397888	
14.480000	164.52420044	
14.500000	166.24392700	
14.520000	168.04722595	
14.540000	169.62840271	
14.559999	170.86557007	
14.580000	171.91520691	
14.599999	172.82394409	
14.620000	174.00140381	
14.639999	174.98065186	
14.660000	175.84851074	
14.679999	176.38713074	
14.700000	177.05168152	
14.719999	177.64294434	
14.740000	178.07827759	
14.759999	177.90855408	
14.780000	177.43368530	
14.799999	176.42185974	
14.820000	175.02745056	
14.839999	173.09834290	
14.860000	170.63755798	
14.880000	167.84403992	
14.900000	164.36320496	
14.920000	159.75845337	
14.940000	153.86318970	
14.960000	147.31221008	
14.980000	141.12571716	
15.000000	136.13027954	
15.020000	132.26931763	
15.040000	129.53068542	
15.059999	127.46630859	
15.080000	126.65148163	
15.099999	126.84508514	
15.120000	128.56135559	
15.139999	131.19970703	
15.160000	134.92245483	
15.179999	138.99685669	
15.200000	143.65983582	
15.219999	148.87518311	
15.240000	154.95481873	
15.259999	161.74281311	
15.280000	169.08131409	
15.299999	176.29605103	
15.320000	177.35607910	
15.339999	172.84223938	
15.360000	170.96557617	
15.380000	172.24790955	
15.400000	175.66601563	
15.420000	179.92492676	
15.440000	174.59550476	
15.460000	169.21269226	
15.480000	165.00326538	
15.500000	163.54183960	
15.520000	164.13136292	
15.540000	165.02243042	
15.559999	165.08355713	
15.580000	165.00857544	
15.599999	165.47656250	
15.620000	166.91311646	
15.639999	168.65382385	
15.660000	170.41345215	
15.679999	171.93388367	
15.700000	173.05633545	
15.719999	173.82360840	
15.740000	174.73765564	
15.759999	175.60186768	
15.780000	176.63594055	
15.799999	177.32330322	
15.820000	178.05239868	
15.839999	178.16828918	
15.860000	178.17478943	
15.880000	177.62428284	
15.900000	176.78558350	
15.920000	175.20210266	
15.940000	172.99749756	
15.960000	170.42832947	
15.980000	167.54257202	
16.000000	164.11137390	
16.020000	159.58268738	
16.039999	153.72213745	
16.059999	147.07492065	
16.080000	140.49177551	
16.100000	134.81576538	
16.119999	130.47576904	
16.139999	127.31078339	
16.160000	125.40045929	
16.180000	124.27114105	
16.199999	124.58174896	
16.219999	126.00557709	
16.240000	128.79801941	
16.260000	132.34127808	
16.279999	136.86650085	
16.299999	142.01359558	
16.320000	148.27062988	
16.340000	155.64587402	
16.359999	164.38545227	
16.379999	173.17512512	
16.400000	178.74830627	
16.420000	172.88020325	
16.440001	169.96997070	
16.459999	170.82702637	
16.480000	174.55255127	
16.500000	178.70625305	
16.520000	178.36437988	
16.539999	174.99313354	
16.559999	170.77708435	
16.580000	166.19232178	
16.600000	164.31579590	
16.619999	164.66734314	
16.639999	165.61602783	
16.660000	165.80760193	
16.680000	165.70622253	
16.699999	166.33692932	
16.719999	167.64472961	
16.740000	169.27069092	
16.760000	170.43711853	
16.779999	171.55752563	
16.799999	172.58386230	
16.820000	173.74653625	
16.840000	174.82032776	
16.859999	175.92495728	
16.879999	176.76213074	
16.900000	177.62846375	
16.920000	178.12879944	
16.940001	178.46464539	
16.959999	178.14460754	
16.980000	177.35090637	
17.000000	175.95120239	
17.020000	174.01361084	
17.039999	171.64410400	
17.059999	168.78106689	
17.080000	165.52714539	
17.100000	161.07537842	
17.119999	155.80267334	
17.139999	149.90567017	
17.160000	144.44969177	
17.180000	139.53932190	
17.199999	135.49610901	
17.219999	132.56932068	
17.240000	130.58877563	
17.260000	129.54954529	
17.279999	129.16546631	
17.299999	129.81101990	
17.320000	131.44728088	
17.340000	134.08975220	
17.359999	137.47811890	
17.379999	141.30143738	
17.400000	146.00321960	
17.420000	151.45660400	
17.440001	158.01924133	
17.459999	165.09132385	
17.480000	172.33937073	
17.500000	179.32826233	
17.520000	175.12977600	
17.539999	171.77825928	
17.559999	171.55841064	
17.580000	174.06602478	
17.600000	177.82075500	
17.619999	178.49435425	
17.639999	174.62214661	
17.660000	170.20626831	
17.680000	166.04421997	
17.699999	163.99053955	
17.719999	164.13652039	
17.740000	165.34257507	
17.760000	165.75064087	
17.779999	165.80583191	
17.799999	166.01181030	
17.820000	167.31987000	
17.840000	169.25730896	
17.859999	170.83259583	
17.879999	172.03962708	
17.900000	172.88960266	
17.920000	173.82737732	
17.940001	174.65931702	
17.959999	175.50564575	
17.980000	176.20770264	
18.000000	176.89999390	
18.020000	177.32899475	
18.039999	177.75802612	
18.059999	178.11000061	
18.080000	178.24848938	
18.100000	177.71224976	
18.119999	176.32910156	
18.139999	174.29405212	
18.160000	171.78892517	
18.180000	168.80543518	
18.199999	165.19874573	
18.219999	160.89720154	
18.240000	155.74423218	
18.260000	149.57739258	
18.279999	142.97714233	
18.299999	137.02653503	
18.320000	132.46519470	
18.340000	129.28109741	
18.359999	127.11080933	
18.379999	125.93819427	
18.400000	125.82237244	
18.420000	126.94847107	
18.440001	129.20910645	
18.459999	132.03114319	
18.480000	135.59965515	
18.500000	139.57463074	
18.520000	144.68028259	
18.539999	150.51394653	
18.559999	157.52548218	
18.580000	165.31723022	
18.600000	173.39128113	
18.619999	179.02708435	
18.639999	173.48683167	
18.660000	170.79838562	
18.680000	171.79457092	
18.699999	175.46353149	
18.719999	179.70352173	
18.740000	175.44587708	
18.760000	170.65928650	
18.779999	165.69145203	
18.799999	162.90107727	
18.820000	162.40635681	
18.840000	163.35777283	
18.859999	163.91030884	
18.879999	164.05548096	
18.900000	164.47132874	
18.920000	165.92646790	
18.939999	167.75111389	
18.959999	169.40155029	
18.980000	170.69180298	
19.000000	171.78166199	
19.020000	173.10026550	
19.039999	174.74623108	
19.059999	176.35952759	
19.080000	177.69104004	
19.100000	178.41708374	
19.119999	178.86242676	
19.139999	179.18128967	
19.160000	179.44694519	
19.180000	179.74780273	
19.199999	179.48870850	
19.219999	178.79846191	
19.240000	177.32308960	
19.260000	175.51426697	
19.279999	173.41581726	
19.299999	171.11283875	
19.320000	168.47404480	
19.340000	164.99829102	
19.359999	160.27987671	
19.379999	153.95289612	
19.400000	146.74592590	
19.420000	139.73934937	
19.439999	133.66342163	
19.459999	128.90960693	
19.480000	125.34947205	
19.500000	123.15985107	
19.520000	122.26988983	
19.539999	122.93182373	
19.559999	124.93119049	
19.580000	128.04243469	
19.600000	131.72616577	
19.619999	136.14476013	
19.639999	141.62451172	
19.660000	148.12870789	
19.680000	155.70056152	
19.699999	163.93843079	
19.719999	172.56721497	
19.740000	179.42214966	
19.760000	173.56282043	
19.779999	170.77745056	
19.799999	171.83003235	
19.820000	175.75801086	
19.840000	179.87673950	
19.859999	175.51643372	
19.879999	170.61019897	
19.900000	165.30990601	
19.920000	161.31355286	
19.939999	160.17338562	
19.959999	160.68136597	
19.980000	161.51992798	
20.000000	161.76261902	
20.020000	162.19020081	
20.039999	163.21977234	
20.059999	165.10002136	
