Time	Knee_Ankle_Angle_right_4.81 X
0.000000	81.98003387	
0.020000	81.60881805	
0.040000	80.99788666	
0.060000	80.24844360	
0.080000	79.59159088	
0.100000	78.99761200	
0.120000	78.31878662	
0.140000	77.49778748	
0.160000	76.58866119	
0.180000	75.57711029	
0.200000	74.47035217	
0.220000	73.20846558	
0.240000	71.76116943	
0.260000	69.95594788	
0.280000	67.82266998	
0.300000	65.43399811	
0.320000	62.79709625	
0.340000	60.06972504	
0.360000	57.22624588	
0.380000	54.36911392	
0.400000	51.30654907	
0.420000	47.84238434	
0.440000	44.02539444	
0.460000	39.88633728	
0.480000	36.08146667	
0.500000	33.02447891	
0.520000	31.31830978	
0.540000	30.82612991	
0.560000	31.51836586	
0.580000	33.29221344	
0.600000	36.15464401	
0.620000	40.14373016	
0.640000	44.98323441	
0.660000	50.64860153	
0.680000	56.91483688	
0.700000	63.80170441	
0.720000	71.26512146	
0.740000	79.25434113	
0.760000	87.75990295	
0.780000	96.26913452	
0.800000	104.03320313	
0.820000	109.76359558	
0.840000	112.51919556	
0.860000	111.84329224	
0.880000	108.49729156	
0.900000	104.33882141	
0.920000	100.67140198	
0.940000	97.01546478	
0.960000	93.26584625	
0.980000	89.66632080	
1.000000	87.28742981	
1.020000	85.80963898	
1.040000	84.40507507	
1.060000	82.97530365	
1.080000	81.73120880	
1.100000	81.12345886	
1.120000	80.94709778	
1.140000	80.75106049	
1.160000	80.34944153	
1.180000	79.78915405	
1.200000	79.36357880	
1.220000	79.01300049	
1.240000	78.62395477	
1.260000	78.16426086	
1.280000	77.53929901	
1.300000	76.83056641	
1.320000	75.94300079	
1.340000	74.92054749	
1.360000	73.62823486	
1.380000	71.95988464	
1.400000	69.88314819	
1.420000	67.51662445	
1.440000	64.90377045	
1.460000	62.23971558	
1.480000	59.37573624	
1.500000	56.41324615	
1.520000	53.26904678	
1.540000	49.78001022	
1.560000	46.02899551	
1.580000	42.03295135	
1.600000	38.33284760	
1.620000	35.23479080	
1.640000	33.23693848	
1.660000	32.44374847	
1.680000	32.84503937	
1.700000	34.20856476	
1.720000	36.63661957	
1.740000	40.01193619	
1.760000	44.29847336	
1.780000	49.24625015	
1.800000	54.86607742	
1.820000	60.95592117	
1.840000	67.62255859	
1.860000	74.77198029	
1.880000	82.47364044	
1.900000	90.38756561	
1.920000	98.03896332	
1.940000	104.58007050	
1.960000	108.99663544	
1.980000	110.84068298	
2.000000	110.05864716	
2.020000	107.23772430	
2.040000	103.94924164	
2.060000	100.23085022	
2.080000	96.54516602	
2.100000	92.77923584	
2.120000	89.95536041	
2.140000	88.28233337	
2.160000	87.09857178	
2.180000	85.83564758	
2.200000	84.44234467	
2.220000	83.25605774	
2.240000	82.57662201	
2.260000	82.13239288	
2.280000	81.64418793	
2.300000	81.04251099	
2.320000	80.39748383	
2.340000	79.86879730	
2.360000	79.40850830	
2.380000	78.90259552	
2.400000	78.31211853	
2.420000	77.28062439	
2.440000	76.07373047	
2.460000	74.67592621	
2.480000	73.19269562	
2.500000	71.43703461	
2.520000	69.29113770	
2.540000	66.87173462	
2.560000	64.13717651	
2.580000	61.18862534	
2.600000	57.98041916	
2.620000	54.50164413	
2.640000	50.76559448	
2.660000	46.66259384	
2.680000	42.62768936	
2.700000	38.83797836	
2.720000	35.86473465	
2.740000	33.92523193	
2.760000	33.22831726	
2.780000	33.81219101	
2.800000	35.37912750	
2.820000	37.87728119	
2.840000	41.35804367	
2.860000	45.74032593	
2.880000	50.88109207	
2.900000	56.55371475	
2.920000	62.72126007	
2.940000	69.40197754	
2.960000	76.67591858	
2.980000	84.48500824	
3.000000	92.59188080	
3.020000	100.40284729	
3.040000	107.30706024	
3.060000	112.33148956	
3.080000	114.58095551	
3.100000	113.57391357	
3.120000	110.03509521	
3.140000	106.02603912	
3.160000	102.33802795	
3.180000	98.82930756	
3.200000	95.24944305	
3.220000	91.98453522	
3.240000	89.99939728	
3.260000	88.58945465	
3.280000	87.39287567	
3.300000	85.84089661	
3.320000	84.54180145	
3.340000	83.61747742	
3.360000	83.16425323	
3.380000	82.72859955	
3.400000	82.14810944	
3.420000	81.55002594	
3.440000	81.05486298	
3.460000	80.63103485	
3.480000	80.17077637	
3.500000	79.50935364	
3.520000	78.77260590	
3.540000	77.78137970	
3.560000	76.59333801	
3.580000	75.26104736	
3.600000	73.77307129	
3.620000	72.01396179	
3.640000	69.78496552	
3.660000	67.28117371	
3.680000	64.56914520	
3.700000	61.71612167	
3.720000	58.76091766	
3.740000	55.59660721	
3.760000	52.17718887	
3.780000	48.29769135	
3.800000	44.28093338	
3.820000	40.23604202	
3.840000	36.76850891	
3.860000	34.15092468	
3.880000	32.71071625	
3.900000	32.56714630	
3.920000	33.62173843	
3.940000	35.78050995	
3.960000	38.95983505	
3.980000	43.05617523	
4.000000	48.05152893	
4.020000	53.77029037	
4.040000	60.03244400	
4.060000	66.90309906	
4.080000	74.21372986	
4.100000	81.91925812	
4.120000	89.82631683	
4.140000	97.48709869	
4.160000	104.45423126	
4.180000	109.97281647	
4.200000	113.29615021	
4.220000	113.64621735	
4.240000	111.26623535	
4.260000	107.69769287	
4.280000	104.22365570	
4.300000	100.58025360	
4.320000	96.86592102	
4.340000	93.33445740	
4.360000	91.06838226	
4.380000	89.62789917	
4.400000	88.44826508	
4.420000	87.12930298	
4.440000	85.89638519	
4.460000	85.06101227	
4.480000	84.59172821	
4.500000	84.27509308	
4.520000	83.91604614	
4.540000	83.61219025	
4.560000	83.29850769	
4.580000	82.98886108	
4.600000	82.36509705	
4.620000	81.39979553	
4.640000	80.10552216	
4.660000	78.71282196	
4.680000	77.23545074	
4.700000	75.81965637	
4.720000	74.25709534	
4.740000	72.55106354	
4.760000	70.48544312	
4.780000	68.21616364	
4.800000	65.68950653	
4.820000	62.95861435	
4.840000	60.04020309	
4.860000	56.80367279	
4.880000	53.45188904	
4.900000	49.53015900	
4.920000	45.48631287	
4.940000	41.36443710	
4.960000	38.07081985	
4.980000	35.77523422	
5.000000	34.59197617	
5.020000	34.56240082	
5.040000	35.48968124	
5.060000	37.49736404	
5.080000	40.47383881	
5.100000	44.36476898	
5.120000	48.96687698	
5.140000	54.09336853	
5.160000	59.70253372	
5.180000	65.81880951	
5.200000	72.51656342	
5.220000	79.59585571	
5.240000	87.04444122	
5.260000	94.44005585	
5.280000	101.45327759	
5.300000	107.12955475	
5.320000	110.69554138	
5.340000	111.49285126	
5.360000	109.59404755	
5.380000	106.18132782	
5.400000	102.20382690	
5.420000	97.79481506	
5.440000	93.61595917	
5.460000	90.25901794	
5.480000	88.43677521	
5.500000	87.21779633	
5.520000	85.87528992	
5.540000	84.36640930	
5.560000	83.10059357	
5.580000	82.45852661	
5.600000	82.15133667	
5.620000	81.70606995	
5.640000	80.97825623	
5.660000	80.25874329	
5.680000	79.61656189	
5.700000	78.97705078	
5.720000	78.21247101	
5.740000	77.39846802	
5.760000	76.52907562	
5.780000	75.58489227	
5.800000	74.60859680	
5.820000	73.50162506	
5.840000	72.04550934	
5.860000	70.28277588	
5.880000	68.03681183	
5.900000	65.51544189	
5.920000	62.66051102	
5.940000	59.68344879	
5.960000	56.63502502	
5.980000	53.47159576	
6.000000	50.15784073	
6.020000	46.42285538	
6.040000	42.61734009	
6.060000	38.86286163	
6.080000	36.03748703	
6.100000	34.11143494	
6.120000	33.68837357	
6.140000	34.43739319	
6.160000	36.43556213	
6.180000	39.45858383	
6.200000	43.42823792	
6.220000	48.37415695	
6.240000	54.01926804	
6.260000	60.34035110	
6.280000	67.31342316	
6.300000	74.88106537	
6.320000	83.02984619	
6.340000	91.40810394	
6.360000	99.49079895	
6.380000	106.63132477	
6.400000	111.73548126	
6.420000	114.24650574	
6.440000	113.84571838	
6.460000	110.98499298	
6.480000	107.56647491	
6.500000	103.98239899	
6.520000	100.39511871	
6.540000	96.37504578	
6.560000	92.84191895	
6.580000	90.62973785	
6.600000	89.35260773	
6.620000	88.31270599	
6.640000	86.86161041	
6.660000	85.37026215	
6.680000	84.19287109	
6.700000	83.45251465	
6.720000	82.80045319	
6.740000	82.10496521	
6.760000	81.48191071	
6.780000	80.88809204	
6.800000	80.30924225	
6.820000	79.70483398	
6.840000	79.02202606	
6.860000	78.21775818	
6.880000	77.18947601	
6.900000	76.08582306	
6.920000	74.75802612	
6.940000	73.29119110	
6.960000	71.35892487	
6.980000	69.12828064	
7.000000	66.49648285	
7.020000	63.66911316	
7.040000	60.70193481	
7.060000	57.67131042	
7.080000	54.55109787	
7.100000	51.14582825	
7.120000	47.40862274	
7.140000	43.50053406	
7.160000	39.71248245	
7.180000	36.52733612	
7.200000	34.40690231	
7.220000	33.55527496	
7.240000	33.81107712	
7.260000	35.01320267	
7.280000	37.22958755	
7.300000	40.52774048	
7.320000	44.79159546	
7.340000	49.77261353	
7.360000	55.33535004	
7.380000	61.44520950	
7.400000	68.11731720	
7.420000	75.19531250	
7.440000	82.58119202	
7.460000	90.11849213	
7.480000	97.56150818	
7.500000	104.48728943	
7.520000	109.99192047	
7.540000	113.00215149	
7.560000	112.75195313	
7.580000	109.90613556	
7.600000	106.27381134	
7.620000	102.40615082	
7.640000	98.02822876	
7.660000	93.38455200	
7.680000	89.56449890	
7.700000	87.43701935	
7.720000	86.09857178	
7.740000	84.90683746	
7.760000	83.51586914	
7.780000	82.32278442	
7.800000	81.63256073	
7.820000	81.34700775	
7.840000	81.11507416	
7.860000	80.68732452	
7.880000	80.13663483	
7.900000	79.62695313	
7.920000	79.11901855	
7.940000	78.55313110	
7.960000	77.69823456	
7.980000	76.78030396	
8.000000	75.65466309	
8.020000	74.51508331	
8.040000	73.17543793	
8.059999	71.54946899	
8.080000	69.58823395	
8.099999	67.32501221	
8.120000	64.77629089	
8.139999	62.00566864	
8.160000	59.06901169	
8.179999	56.05151367	
8.200000	52.98756027	
8.220000	49.43015671	
8.240000	45.51976395	
8.260000	41.39101791	
8.280000	37.82922363	
8.300000	35.14855957	
8.320000	33.78956223	
8.340000	33.51480865	
8.360000	34.31373215	
8.380000	36.04950714	
8.400000	38.87533951	
8.420000	42.65736008	
8.440000	47.27805710	
8.460000	52.56474686	
8.480000	58.42219543	
8.500000	64.72148895	
8.520000	71.43357086	
8.540000	78.53423309	
8.559999	86.03510284	
8.580000	93.55382538	
8.599999	100.57354736	
8.620000	106.43640137	
8.639999	110.36411285	
8.660000	111.80818176	
8.679999	110.55007172	
8.700000	107.54168701	
8.720000	103.89588928	
8.740000	99.53549194	
8.760000	94.94246674	
8.780000	90.73670197	
8.800000	88.06377411	
8.820000	86.52292633	
8.840000	85.26525116	
8.860000	83.90601349	
8.880000	82.58055878	
8.900000	81.68615723	
8.920000	81.13809967	
8.940000	80.76139832	
8.960000	80.21877289	
8.980000	79.74886322	
9.000000	79.35546112	
9.020000	79.07456207	
9.040000	78.73719025	
9.059999	78.26926422	
9.080000	77.72587585	
9.099999	77.01013947	
9.120000	76.12382507	
9.139999	75.02297974	
9.160000	73.65480042	
9.179999	72.05506897	
9.200000	69.98357391	
9.220000	67.67543793	
9.240000	65.08452606	
9.260000	62.36722183	
9.280000	59.56066513	
9.300000	56.53005981	
9.320000	53.21684647	
9.340000	49.41143799	
9.360000	45.20481491	
9.380000	41.04665375	
9.400000	37.47329330	
9.420000	35.00067139	
9.440000	33.71944046	
9.460000	33.51804733	
9.480000	34.30887985	
9.500000	36.10494995	
9.520000	38.96821594	
9.540000	42.79554749	
9.559999	47.47029877	
9.580000	52.77113342	
9.599999	58.66319275	
9.620000	65.14553070	
9.639999	72.23432922	
9.660000	79.86677551	
9.679999	87.93014526	
9.700000	95.95622253	
9.719999	103.35211182	
9.740000	109.17556000	
9.760000	112.59123230	
9.780000	113.02625275	
9.800000	110.65080261	
9.820000	107.06772614	
9.840000	103.02022552	
9.860000	98.71389008	
9.880000	94.44944000	
9.900000	91.01511383	
9.920000	88.99272156	
9.940000	87.75183868	
9.960000	86.47461700	
9.980000	85.08280182	
10.000000	83.83666992	
10.020000	83.18302917	
10.040000	82.85943604	
10.059999	82.56159210	
10.080000	82.05541992	
10.099999	81.55171967	
10.120000	81.10428619	
10.139999	80.62052155	
10.160000	80.09208679	
10.179999	79.22623444	
10.200000	78.25164032	
10.219999	77.02999115	
10.240000	75.79077148	
10.260000	74.45499420	
10.280000	72.93724823	
10.300000	71.13784790	
10.320000	68.87385559	
10.340000	66.30776978	
10.360000	63.51656723	
10.380000	60.66083145	
10.400000	57.78946686	
10.420000	54.73199844	
10.440000	51.35872269	
10.460000	47.45917130	
10.480000	43.43999863	
10.500000	39.52777863	
10.520000	36.39362335	
10.540000	34.24412918	
10.559999	33.26661682	
10.580000	33.29917908	
10.599999	34.33528519	
10.620000	36.52251434	
10.639999	39.71879196	
10.660000	43.83753586	
10.679999	48.69897461	
10.700000	54.20985031	
10.719999	60.26786804	
10.740000	66.79190826	
10.760000	73.88108826	
10.780000	81.29795837	
10.800000	89.14441681	
10.820000	96.79042816	
10.840000	103.66847229	
10.860000	108.73907471	
10.880000	111.34340668	
10.900000	111.05446625	
10.920000	108.35385895	
10.940000	104.62519836	
10.960000	100.58065796	
10.980000	96.50880432	
11.000000	92.78327179	
11.020000	90.04093170	
11.040000	88.51165771	
11.059999	87.35742950	
11.080000	85.95435333	
11.099999	84.50761414	
11.120000	83.44258118	
11.139999	82.92175293	
11.160000	82.63449860	
11.179999	82.19624329	
11.200000	81.72720337	
11.219999	81.12652588	
11.240000	80.68846130	
11.259999	80.20584106	
11.280000	79.72738647	
11.300000	79.07932281	
11.320000	78.24142456	
11.340000	77.21297455	
11.360000	76.05001831	
11.380000	74.71594238	
11.400000	73.18158722	
11.420000	71.28923798	
11.440000	69.17347717	
11.460000	66.70378876	
11.480000	63.95737839	
11.500000	60.94772339	
11.520000	57.80919266	
11.540000	54.39318848	
11.559999	50.63004303	
11.580000	46.38563919	
11.599999	42.22205353	
11.620000	38.36385727	
11.639999	35.55133438	
11.660000	33.77211380	
11.679999	33.27182007	
11.700000	33.78304291	
11.719999	35.28733444	
11.740000	37.80651093	
11.759999	41.44713593	
11.780000	46.23731613	
11.800000	51.74789429	
11.820000	57.88098907	
11.840000	64.52300262	
11.860000	71.71166992	
11.880000	79.40061188	
11.900000	87.40986633	
11.920000	95.51911163	
11.940000	103.19063568	
11.960000	109.47469330	
11.980000	113.47948456	
12.000000	114.55987549	
12.020000	112.65460968	
12.040000	109.09204102	
12.059999	105.26097107	
12.080000	101.39552307	
12.099999	97.41402435	
12.120000	93.68084717	
12.139999	91.19303131	
12.160000	89.83078003	
12.179999	88.74915314	
12.200000	87.25370026	
12.219999	85.79971313	
12.240000	84.67523956	
12.259999	84.24310303	
12.280000	83.94065857	
12.300000	83.58544159	
12.320000	83.06507111	
12.340000	82.58654785	
12.360000	82.09183502	
12.380000	81.54965973	
12.400000	80.88923645	
12.420000	80.07109070	
12.440000	78.99055481	
12.460000	77.73010254	
12.480000	76.28263092	
12.500000	74.83589935	
12.520000	73.10838318	
12.540000	71.17767334	
12.559999	68.85346985	
12.580000	66.34852600	
12.599999	63.59035873	
12.620000	60.68400574	
12.639999	57.64602661	
12.660000	54.53586578	
12.679999	51.06214523	
12.700000	47.18336105	
12.719999	43.06954575	
12.740000	39.16113281	
12.759999	35.97507477	
12.780000	33.94072342	
12.799999	33.27455521	
12.820000	33.73761368	
12.840000	35.34379578	
12.860000	38.03275299	
12.880000	41.95188522	
12.900000	46.75555801	
12.920000	52.31704330	
12.940000	58.33026123	
12.960000	64.95780945	
12.980000	72.15767670	
13.000000	79.97507477	
13.020000	88.14819336	
13.040000	96.35119629	
13.059999	103.99772644	
13.080000	110.12664795	
13.099999	113.86667633	
13.120000	114.43583679	
13.139999	111.92796326	
13.160000	108.04659271	
13.179999	104.12112427	
13.200000	100.20013428	
13.219999	95.94259644	
13.240000	91.89835358	
13.259999	89.21389008	
13.280000	87.75958252	
13.299999	86.53321838	
13.320000	84.91265869	
13.340000	83.28847504	
13.360000	82.20218658	
13.380000	81.81488037	
13.400000	81.64139557	
13.420000	81.25832367	
13.440000	80.76708221	
13.460000	80.17019653	
13.480000	79.75836182	
13.500000	79.31228638	
13.520000	78.83720398	
13.540000	78.27773285	
13.559999	77.46533203	
13.580000	76.50750732	
13.599999	75.28548431	
13.620000	73.99982452	
13.639999	72.33671570	
13.660000	70.32587433	
13.679999	67.90921783	
13.700000	65.25572968	
13.719999	62.46026230	
13.740000	59.49273682	
13.759999	56.43102264	
13.780000	53.04810715	
13.799999	49.33271790	
13.820000	45.28768158	
13.840000	41.30059433	
13.860000	37.53513718	
13.880000	34.45355606	
13.900000	32.44750977	
13.920000	31.82414246	
13.940000	32.45566559	
13.960000	34.11651230	
13.980000	36.73074341	
14.000000	40.47917175	
14.020000	45.12546539	
14.040000	50.64188766	
14.059999	56.66687012	
14.080000	63.34421921	
14.099999	70.62530518	
14.120000	78.61214447	
14.139999	87.01444244	
14.160000	95.41279602	
14.179999	103.11766815	
14.200000	109.12127686	
14.219999	112.57103729	
14.240000	113.13701630	
14.259999	110.96752930	
14.280000	107.68737030	
14.299999	103.82372284	
14.320000	99.82019043	
14.340000	95.46900940	
14.360000	91.68933105	
14.380000	89.24411774	
14.400000	88.07532501	
14.420000	87.10194397	
14.440000	85.70627594	
14.460000	84.24598694	
14.480000	83.14638519	
14.500000	82.63584900	
14.520000	82.20601654	
14.540000	81.62940979	
14.559999	81.01739502	
14.580000	80.39437866	
14.599999	79.86161041	
14.620000	79.30097198	
14.639999	78.60884857	
14.660000	77.73807526	
14.679999	76.75209045	
14.700000	75.73398590	
14.719999	74.64959717	
14.740000	73.42622375	
14.759999	71.81510925	
14.780000	69.92563629	
14.799999	67.60658264	
14.820000	64.98887634	
14.839999	62.11365891	
14.860000	59.00240707	
14.880000	55.89332962	
14.900000	52.49470520	
14.920000	48.90230560	
14.940000	44.95138931	
14.960000	41.11014175	
14.980000	37.68722153	
15.000000	35.34187698	
15.020000	34.15014648	
15.040000	34.11645889	
15.059999	34.97601318	
15.080000	36.91251755	
15.099999	39.83809280	
15.120000	43.81361008	
15.139999	48.48130798	
15.160000	53.75313950	
15.179999	59.46606064	
15.200000	65.65050507	
15.219999	72.30301666	
15.240000	79.36425018	
15.259999	86.71886444	
15.280000	94.14624786	
15.299999	101.13754272	
15.320000	107.09611511	
15.339999	111.26471710	
15.360000	112.98965454	
15.380000	111.98911285	
15.400000	109.08931732	
15.420000	105.36071014	
15.440000	100.97415161	
15.460000	96.53796387	
15.480000	92.65273285	
15.500000	90.23687744	
15.520000	88.89997101	
15.540000	87.76543427	
15.559999	86.27154541	
15.580000	84.79920959	
15.599999	83.60936737	
15.620000	82.93931580	
15.639999	82.41114044	
15.660000	81.79621887	
15.679999	81.14214325	
15.700000	80.38353729	
15.719999	79.66580200	
15.740000	78.90062714	
15.759999	78.04605865	
15.780000	77.19976044	
15.799999	76.18261719	
15.820000	75.15535736	
15.839999	73.84619904	
15.860000	72.34660339	
15.880000	70.39966583	
15.900000	68.05580902	
15.920000	65.30043030	
15.940000	62.18357849	
15.960000	58.94054413	
15.980000	55.50330353	
16.000000	51.96066284	
16.020000	48.04668808	
16.039999	43.97439575	
16.059999	39.90483475	
16.080000	36.29135895	
16.100000	33.53606415	
16.119999	32.06153870	
16.139999	31.96022797	
16.160000	33.23455811	
16.180000	35.51362228	
16.199999	38.95549774	
16.219999	43.29595566	
16.240000	48.62097168	
16.260000	54.48551941	
16.279999	61.00983810	
16.299999	68.05602264	
16.320000	75.77622223	
16.340000	84.01146698	
16.359999	92.75724792	
16.379999	101.11928558	
16.400000	108.47856903	
16.420000	113.66480255	
16.440001	116.10381317	
16.459999	115.29886627	
16.480000	111.91728973	
16.500000	108.10225677	
16.520000	105.18534088	
16.539999	101.99665833	
16.559999	98.22985840	
16.580000	93.92343140	
16.600000	91.28064728	
16.619999	89.94011688	
16.639999	88.98233032	
16.660000	87.58865356	
16.680000	85.93498230	
16.699999	84.66945648	
16.719999	83.80830383	
16.740000	83.11777496	
16.760000	82.27142334	
16.779999	81.47405243	
16.799999	80.70590210	
16.820000	80.02170563	
16.840000	79.20881653	
16.859999	78.38696289	
16.879999	77.36782074	
16.900000	76.36886597	
16.920000	75.13460541	
16.940001	73.79877472	
16.959999	72.10393524	
16.980000	70.04005432	
17.000000	67.53156281	
17.020000	64.59161377	
17.039999	61.46208572	
17.059999	58.10048676	
17.080000	54.63572693	
17.100000	50.84098053	
17.119999	47.03827286	
17.139999	43.30161667	
17.160000	40.05188751	
17.180000	37.32063675	
17.199999	35.58230591	
17.219999	35.00487518	
17.240000	35.69746399	
17.260000	37.33143616	
17.279999	39.90274811	
17.299999	43.26176453	
17.320000	47.39038086	
17.340000	52.09379959	
17.359999	57.33364487	
17.379999	63.17820740	
17.400000	69.52545929	
17.420000	76.41295624	
17.440001	83.69628906	
17.459999	91.17841339	
17.480000	98.42012024	
17.500000	105.00076294	
17.520000	110.05955505	
17.539999	113.00060272	
17.559999	113.23992157	
17.580000	111.10366058	
17.600000	107.78823853	
17.619999	104.47237396	
17.639999	100.99308777	
17.660000	97.14292145	
17.680000	93.25022888	
17.699999	90.50938416	
17.719999	89.07305145	
17.740000	88.24584961	
17.760000	87.09548950	
17.779999	85.68464661	
17.799999	84.34082794	
17.820000	83.58351898	
17.840000	83.03781891	
17.859999	82.39481354	
17.879999	81.57309723	
17.900000	80.76751709	
17.920000	80.03837585	
17.940001	79.16534424	
17.959999	78.29164886	
17.980000	77.27439880	
18.000000	76.31100464	
18.020000	75.12417603	
18.039999	73.83612061	
18.059999	72.37580109	
18.080000	70.70692444	
18.100000	68.60490417	
18.119999	66.02512360	
18.139999	63.07821274	
18.160000	59.93627548	
18.180000	56.55051804	
18.199999	52.97111130	
18.219999	49.23912811	
18.240000	45.36725616	
18.260000	41.36146545	
18.279999	37.54394913	
18.299999	34.62862396	
18.320000	33.01009750	
18.340000	32.76073456	
18.359999	33.64902496	
18.379999	35.40592957	
18.400000	37.98064804	
18.420000	41.42524338	
18.440001	45.83009338	
18.459999	50.93968964	
18.480000	56.55551910	
18.500000	62.64208984	
18.520000	69.28134918	
18.539999	76.39788818	
18.559999	84.02966309	
18.580000	91.92129517	
18.600000	99.67554474	
18.619999	106.65790558	
18.639999	111.76921844	
18.660000	114.34160614	
18.680000	113.79582977	
18.699999	110.93193817	
18.719999	107.50395203	
18.740000	103.63147736	
18.760000	99.73744965	
18.779999	95.39462280	
18.799999	92.07604980	
18.820000	89.96476746	
18.840000	88.68138123	
18.859999	87.35530853	
18.879999	85.81241608	
18.900000	84.53915405	
18.920000	83.76799774	
18.939999	83.28053284	
18.959999	82.75571442	
18.980000	82.10182953	
19.000000	81.42808533	
19.020000	80.86597443	
19.039999	80.36013031	
19.059999	79.81806946	
19.080000	79.09298706	
19.100000	78.13515472	
19.119999	76.99243927	
19.139999	75.74359131	
19.160000	74.37891388	
19.180000	72.92451477	
19.199999	71.08104706	
19.219999	68.99593353	
19.240000	66.44902039	
19.260000	63.72323990	
19.279999	60.81066895	
19.299999	57.74143600	
19.320000	54.71394348	
19.340000	51.49457169	
19.359999	47.93977356	
19.379999	43.55951309	
19.400000	39.10922623	
19.420000	35.26016235	
19.439999	32.60530853	
19.459999	31.28117752	
19.480000	31.18530846	
19.500000	32.45828629	
19.520000	34.70182419	
19.539999	38.09950638	
19.559999	42.40823364	
19.580000	47.63051605	
19.600000	53.51728058	
19.619999	60.00194168	
19.639999	67.12672424	
19.660000	74.61870575	
19.680000	82.64067078	
19.699999	90.86577606	
19.719999	99.00849152	
19.740000	106.27024078	
19.760000	111.57546997	
19.779999	114.18769073	
19.799999	113.58485413	
19.820000	110.45942688	
19.840000	106.84490204	
19.859999	103.05109406	
19.879999	98.93039703	
19.900000	94.38824463	
19.920000	90.52956390	
19.939999	88.26840210	
19.959999	86.91619110	
19.980000	85.76167297	
20.000000	84.26860046	
20.020000	82.88122559	
20.039999	81.92266083	
20.059999	81.51395416	
