Time	Hip_right_4.81 X
0.000000	96.85137177	
0.020000	94.38764954	
0.040000	91.94212341	
0.060000	89.78806305	
0.080000	87.71614075	
0.100000	85.92464447	
0.120000	84.22004700	
0.140000	82.41271973	
0.160000	80.64153290	
0.180000	78.77584839	
0.200000	77.07392120	
0.220000	75.34043884	
0.240000	73.62138367	
0.260000	71.95945740	
0.280000	70.46479797	
0.300000	69.20639801	
0.320000	68.16293335	
0.340000	67.25910187	
0.360000	66.45768738	
0.380000	65.83665466	
0.400000	65.67341614	
0.420000	66.27362823	
0.440000	67.77963257	
0.460000	70.32009888	
0.480000	73.53653717	
0.500000	77.04529572	
0.520000	80.46637726	
0.540000	83.87818146	
0.560000	87.24869537	
0.580000	90.42604828	
0.600000	93.34271240	
0.620000	95.98839569	
0.640000	98.45227051	
0.660000	100.69621277	
0.680000	102.65222168	
0.700000	104.40644836	
0.720000	105.68304443	
0.740000	106.43763733	
0.760000	106.47980499	
0.780000	106.06538391	
0.800000	105.37671661	
0.820000	104.78156281	
0.840000	104.68140411	
0.860000	105.17906952	
0.880000	106.08007813	
0.900000	106.90147400	
0.920000	107.37530518	
0.940000	107.88366699	
0.960000	108.31687164	
0.980000	108.34417725	
1.000000	107.43963623	
1.020000	105.82843781	
1.040000	104.15530396	
1.060000	102.46178436	
1.080000	100.67572021	
1.100000	98.45810699	
1.120000	96.02678680	
1.140000	93.29735565	
1.160000	91.09944153	
1.180000	89.29002380	
1.200000	88.04306793	
1.220000	86.43817902	
1.240000	84.69791412	
1.260000	82.78352356	
1.280000	81.01868439	
1.300000	79.19625092	
1.320000	77.38935852	
1.340000	75.65745544	
1.360000	73.99649811	
1.380000	72.52826691	
1.400000	71.20142365	
1.420000	70.11865234	
1.440000	69.21344757	
1.460000	68.42588043	
1.480000	67.57406616	
1.500000	67.06813049	
1.520000	66.87829590	
1.540000	67.54476166	
1.560000	69.06944275	
1.580000	71.50041199	
1.600000	74.44468689	
1.620000	77.41425323	
1.640000	80.35874939	
1.660000	83.27912140	
1.680000	86.20318604	
1.700000	89.03416443	
1.720000	92.02143860	
1.740000	94.67821503	
1.760000	96.92915344	
1.780000	98.54042053	
1.800000	100.45503235	
1.820000	102.52515411	
1.840000	104.46457672	
1.860000	105.73277283	
1.880000	106.46762848	
1.900000	106.53904724	
1.920000	106.20252228	
1.940000	105.64861298	
1.960000	105.42813873	
1.980000	105.41744232	
2.000000	105.63028717	
2.020000	105.98932648	
2.040000	106.28488922	
2.060000	106.73299408	
2.080000	107.24682617	
2.100000	107.52378845	
2.120000	107.02490234	
2.140000	105.56213379	
2.160000	103.75051117	
2.180000	102.00303650	
2.200000	100.36361694	
2.220000	98.58909607	
2.240000	96.42362213	
2.260000	93.89643860	
2.280000	91.72140503	
2.300000	89.93589783	
2.320000	88.68090057	
2.340000	86.98429871	
2.360000	85.04370880	
2.380000	82.91922760	
2.400000	80.97499847	
2.420000	79.24598694	
2.440000	77.68021393	
2.460000	76.04843140	
2.480000	74.38451385	
2.500000	72.70277405	
2.520000	71.38804626	
2.540000	70.26782227	
2.560000	69.43575287	
2.580000	68.80735016	
2.600000	68.40861511	
2.620000	68.28791809	
2.640000	68.54804993	
2.660000	69.93420410	
2.680000	72.20827484	
2.700000	75.18724823	
2.720000	78.03276062	
2.740000	80.84230804	
2.760000	83.73394012	
2.780000	86.76351929	
2.800000	89.72105408	
2.820000	92.65682983	
2.840000	95.27482605	
2.860000	97.80109406	
2.880000	99.92418671	
2.900000	101.89392090	
2.920000	103.58631134	
2.940000	105.07699585	
2.960000	106.21163940	
2.980000	106.87488556	
3.000000	106.91816711	
3.020000	106.49199677	
3.040000	105.82065582	
3.060000	105.22296143	
3.080000	104.96456909	
3.100000	105.28084564	
3.120000	105.97882843	
3.140000	106.67616272	
3.160000	107.02106476	
3.180000	107.34624481	
3.200000	107.47234344	
3.220000	107.11422729	
3.240000	105.79080963	
3.260000	104.03076935	
3.280000	102.32711029	
3.300000	100.87860107	
3.320000	99.27819061	
3.340000	97.33638763	
3.360000	95.06325531	
3.380000	92.84853363	
3.400000	91.00796509	
3.420000	89.39431763	
3.440000	87.90825653	
3.460000	86.03883362	
3.480000	84.17720032	
3.500000	82.30368042	
3.520000	80.67632294	
3.540000	79.16176605	
3.560000	77.70961761	
3.580000	76.35633087	
3.600000	74.87861633	
3.620000	73.41387177	
3.640000	72.03771973	
3.660000	70.84732056	
3.680000	69.85153198	
3.700000	69.00172424	
3.720000	68.33498383	
3.740000	67.87873840	
3.760000	67.87129974	
3.780000	68.93857574	
3.800000	70.98783112	
3.820000	73.84887695	
3.840000	76.78305817	
3.860000	79.77871704	
3.880000	82.74147797	
3.900000	85.89444733	
3.920000	89.10912323	
3.940000	92.23056793	
3.960000	94.97132111	
3.980000	97.38990784	
4.000000	99.53874969	
4.020000	101.49092865	
4.040000	103.31802368	
4.060000	104.91488647	
4.080000	106.11294556	
4.100000	106.70552826	
4.120000	106.76246643	
4.140000	106.50076294	
4.160000	106.02658844	
4.180000	105.51033783	
4.200000	105.06699371	
4.220000	105.02129364	
4.240000	105.34877014	
4.260000	105.79988861	
4.280000	106.05784607	
4.300000	106.39839935	
4.320000	106.67025757	
4.340000	106.53653717	
4.360000	105.56351471	
4.380000	103.84837341	
4.400000	102.05218506	
4.420000	100.24141693	
4.440000	98.52891541	
4.460000	96.49876404	
4.480000	94.29552460	
4.500000	91.87770081	
4.520000	89.75437164	
4.540000	87.77986908	
4.560000	86.15217590	
4.580000	84.35108948	
4.600000	82.71662140	
4.620000	81.18827820	
4.640000	79.96674347	
4.660000	78.75459290	
4.680000	77.59692383	
4.700000	76.36149597	
4.720000	75.19522858	
4.740000	74.06925964	
4.760000	72.98525238	
4.780000	71.89379883	
4.800000	70.88558960	
4.820000	70.16851044	
4.840000	69.72728729	
4.860000	69.77072906	
4.880000	70.20893860	
4.900000	71.35275269	
4.920000	72.92778778	
4.940000	74.92458344	
4.960000	76.98635864	
4.980000	79.42262268	
5.000000	82.08281708	
5.020000	85.04276276	
5.040000	87.83744812	
5.060000	90.56719971	
5.080000	92.93728638	
5.100000	95.03838348	
5.120000	96.78818512	
5.140000	98.43207550	
5.160000	100.08519745	
5.180000	101.64453888	
5.200000	102.94752502	
5.220000	103.90217590	
5.240000	104.39877319	
5.260000	104.45836639	
5.280000	104.17115021	
5.300000	103.67028046	
5.320000	103.33973694	
5.340000	103.34761810	
5.360000	103.93536377	
5.380000	104.77606964	
5.400000	105.69132233	
5.420000	106.68515015	
5.440000	107.38185120	
5.460000	107.17851257	
5.480000	105.76355743	
5.500000	103.89026642	
5.520000	102.17366791	
5.540000	100.64220428	
5.560000	98.89710999	
5.580000	96.76782990	
5.600000	94.51071167	
5.620000	92.32305908	
5.640000	90.55258942	
5.660000	88.93430328	
5.680000	87.55197144	
5.700000	85.83686066	
5.720000	84.22462463	
5.740000	82.50563049	
5.760000	80.98491669	
5.780000	79.33699799	
5.800000	77.71103668	
5.820000	76.15625763	
5.840000	74.96724701	
5.860000	73.90086365	
5.880000	72.98733521	
5.900000	72.01420593	
5.920000	71.25664520	
5.940000	70.72300720	
5.960000	70.54407501	
5.980000	70.76184845	
6.000000	71.47011566	
6.020000	72.76364899	
6.040000	74.48222351	
6.060000	76.53284454	
6.080000	78.83786774	
6.100000	81.63262177	
6.120000	84.63297272	
6.140000	87.70056915	
6.160000	90.55516815	
6.180000	93.52941132	
6.200000	96.29570770	
6.220000	98.90103149	
6.240000	101.00533295	
6.260000	102.90865326	
6.280000	104.58375549	
6.300000	105.93894196	
6.320000	106.81382751	
6.340000	106.96331024	
6.360000	106.73020172	
6.380000	106.27445221	
6.400000	106.01950073	
6.420000	105.97618103	
6.440000	106.34487152	
6.460000	107.01502991	
6.480000	107.60691833	
6.500000	108.13233185	
6.520000	108.66284180	
6.540000	109.13524628	
6.560000	109.02285004	
6.580000	107.87760162	
6.600000	105.97158051	
6.620000	103.99298096	
6.640000	102.36794281	
6.660000	100.79322052	
6.680000	98.93955231	
6.700000	96.71784210	
6.720000	94.49817657	
6.740000	92.10571289	
6.760000	89.97158813	
6.780000	88.12614441	
6.800000	86.77543640	
6.820000	85.01676941	
6.840000	83.06131744	
6.860000	80.94808960	
6.880000	79.20357513	
6.900000	77.53108215	
6.920000	76.09105682	
6.940000	74.75212860	
6.960000	73.72206879	
6.980000	72.69940186	
7.000000	71.78299713	
7.020000	70.92666626	
7.040000	70.31779480	
7.060000	69.98316193	
7.080000	70.06994629	
7.100000	70.66978455	
7.120000	71.90644836	
7.140000	73.61232758	
7.160000	75.62715912	
7.180000	77.93420410	
7.200000	80.42383575	
7.220000	83.39522552	
7.240000	86.47597504	
7.260000	89.65591431	
7.280000	92.26247406	
7.300000	94.46951294	
7.320000	96.23760986	
7.340000	97.84214783	
7.360000	99.64044952	
7.380000	101.51622772	
7.400000	103.19942474	
7.420000	104.30418396	
7.440000	104.82679749	
7.460000	105.07718658	
7.480000	104.92437744	
7.500000	104.52527618	
7.520000	103.96623993	
7.540000	103.62413025	
7.560000	103.91175842	
7.580000	104.59961700	
7.600000	105.31933594	
7.620000	105.97410583	
7.640000	106.86611938	
7.660000	107.73838043	
7.680000	107.71317291	
7.700000	106.42600250	
7.720000	104.53423309	
7.740000	102.73557281	
7.760000	101.18484497	
7.780000	99.42582703	
7.800000	97.34735107	
7.820000	95.04220581	
7.840000	92.86476898	
7.860000	90.89970398	
7.880000	89.05255127	
7.900000	87.16691589	
7.920000	85.28668976	
7.940000	83.53543091	
7.960000	81.96461487	
7.980000	80.34493256	
8.000000	78.71482086	
8.020000	77.06285858	
8.040000	75.59507751	
8.059999	74.31122589	
8.080000	73.28443909	
8.099999	72.38775635	
8.120000	71.60504913	
8.139999	70.97592926	
8.160000	70.61738586	
8.179999	70.61843109	
8.200000	71.04334259	
8.220000	72.15597534	
8.240000	73.81298065	
8.260000	75.94084930	
8.280000	78.15781403	
8.300000	80.41284943	
8.320000	82.71672058	
8.340000	85.29734039	
8.360000	88.08896637	
8.380000	90.98269653	
8.400000	93.51635742	
8.420000	95.67502594	
8.440000	97.44023895	
8.460000	99.02362823	
8.480000	100.59886932	
8.500000	102.10282898	
8.520000	103.39089966	
8.540000	104.21738434	
8.559999	104.53738403	
8.580000	104.48246765	
8.599999	104.19779205	
8.620000	103.85894012	
8.639999	103.61522675	
8.660000	103.63207245	
8.679999	104.06774902	
8.700000	104.73440552	
8.720000	105.44499969	
8.740000	106.37577820	
8.760000	107.42329407	
8.780000	107.86841583	
8.800000	107.03317261	
8.820000	105.19139099	
8.840000	103.28009796	
8.860000	101.51891327	
8.880000	99.84844971	
8.900000	97.83821869	
8.920000	95.65046692	
8.940000	93.46412659	
8.960000	91.41365814	
8.980000	89.60899353	
9.000000	87.92739105	
9.020000	86.40864563	
9.040000	84.45146942	
9.059999	82.42063904	
9.080000	80.30191040	
9.099999	78.52962494	
9.120000	76.77489471	
9.139999	75.15843201	
9.160000	73.77666473	
9.179999	72.69361115	
9.200000	72.01055908	
9.220000	71.42615509	
9.240000	70.85425568	
9.260000	70.20564270	
9.280000	69.73463440	
9.300000	69.69424438	
9.320000	70.17823029	
9.340000	71.35796356	
9.360000	73.09539795	
9.380000	75.21070099	
9.400000	77.37135315	
9.420000	79.63487244	
9.440000	82.14596558	
9.460000	85.02715302	
9.480000	87.87198639	
9.500000	90.49606323	
9.520000	92.79280090	
9.540000	94.98627472	
9.559999	97.00065613	
9.580000	99.23088074	
9.599999	101.26910400	
9.620000	103.29421234	
9.639999	104.60228729	
9.660000	105.48803711	
9.679999	105.65748596	
9.700000	105.40872192	
9.719999	104.79766083	
9.740000	104.20706177	
9.760000	103.83975983	
9.780000	103.97058868	
9.800000	104.54934692	
9.820000	105.33106995	
9.840000	106.07000732	
9.860000	106.94215393	
9.880000	107.55245209	
9.900000	107.39967346	
9.920000	106.02633667	
9.940000	104.01777649	
9.960000	102.13127136	
9.980000	100.52764893	
10.000000	98.85169983	
10.020000	96.81830597	
10.040000	94.50028229	
10.059999	92.14378357	
10.080000	90.02266693	
10.099999	87.99415588	
10.120000	86.16114044	
10.139999	84.31029510	
10.160000	82.58177185	
10.179999	81.00338745	
10.200000	79.52910614	
10.219999	78.07631683	
10.240000	76.62105560	
10.260000	75.16819763	
10.280000	73.70884705	
10.300000	72.20943451	
10.320000	70.77053833	
10.340000	69.47119141	
10.360000	68.41378021	
10.380000	67.53870392	
10.400000	66.92091370	
10.420000	66.68750763	
10.440000	67.43412018	
10.460000	69.22679901	
10.480000	71.88750458	
10.500000	74.77286530	
10.520000	77.60341644	
10.540000	80.38528442	
10.559999	83.11651611	
10.580000	86.00452423	
10.599999	88.91896820	
10.620000	91.93186951	
10.639999	94.44560242	
10.660000	96.47686768	
10.679999	97.79497528	
10.700000	99.46529388	
10.719999	101.15877533	
10.740000	102.93178558	
10.760000	104.03870392	
10.780000	104.77165985	
10.800000	104.96013641	
10.820000	104.83087921	
10.840000	104.40120697	
10.860000	104.04547119	
10.880000	103.90637970	
10.900000	104.26453400	
10.920000	104.93618011	
10.940000	105.69229126	
10.960000	106.46828461	
10.980000	107.19834900	
11.000000	107.49437714	
11.020000	106.83020782	
11.040000	105.23715973	
11.059999	103.28266907	
11.080000	101.55027771	
11.099999	99.92478180	
11.120000	98.11923218	
11.139999	95.96466064	
11.160000	93.70429230	
11.179999	91.57273102	
11.200000	89.75789642	
11.219999	88.19615173	
11.240000	86.79666901	
11.259999	84.93833160	
11.280000	83.03081512	
11.300000	81.09011078	
11.320000	79.52671051	
11.340000	77.94293976	
11.360000	76.39295959	
11.380000	74.97799683	
11.400000	73.49208069	
11.420000	72.02809906	
11.440000	70.53302002	
11.460000	69.31128693	
11.480000	68.38175201	
11.500000	67.77525330	
11.520000	67.43033600	
11.540000	67.51725769	
11.559999	68.53501129	
11.580000	70.62175751	
11.599999	73.45231628	
11.620000	76.38711548	
11.639999	79.21275330	
11.660000	81.99832916	
11.679999	84.88578796	
11.700000	87.94748688	
11.719999	91.21964264	
11.740000	94.20191193	
11.759999	96.77657318	
11.780000	98.85051727	
11.800000	100.70265198	
11.820000	102.63629913	
11.840000	104.32720947	
11.860000	105.80458832	
11.880000	106.65068054	
11.900000	107.07376862	
11.920000	106.96126556	
11.940000	106.52862549	
11.960000	106.03162384	
11.980000	105.74488831	
12.000000	105.82914734	
12.020000	106.39604950	
12.040000	107.19263458	
12.059999	108.02602386	
12.080000	108.69660950	
12.099999	109.19809723	
12.120000	108.98542786	
12.139999	107.74527740	
12.160000	105.64592743	
12.179999	103.60251617	
12.200000	102.04436493	
12.219999	100.55318451	
12.240000	98.74877930	
12.259999	96.47486877	
12.280000	94.00846863	
12.300000	91.89395905	
12.320000	90.10361481	
12.340000	88.71324921	
12.360000	86.86477661	
12.380000	84.97545624	
12.400000	82.97136688	
12.420000	81.33175659	
12.440000	79.74011993	
12.460000	78.26835632	
12.480000	76.95254517	
12.500000	75.62083435	
12.520000	74.27500916	
12.540000	72.82805634	
12.559999	71.47353363	
12.580000	70.24111176	
12.599999	69.23934174	
12.620000	68.43383026	
12.639999	67.84915161	
12.660000	67.51496887	
12.679999	68.11478424	
12.700000	69.77610016	
12.719999	72.40019226	
12.740000	75.22316742	
12.759999	78.02812958	
12.780000	80.76945496	
12.799999	83.55689240	
12.820000	86.52608490	
12.840000	89.91891479	
12.860000	92.91653442	
12.880000	95.32637024	
12.900000	96.91261292	
12.920000	98.72825623	
12.940000	100.79584503	
12.960000	102.77407837	
12.980000	104.21558380	
13.000000	105.03874969	
13.020000	105.39299774	
13.040000	105.29399109	
13.059999	104.94265747	
13.080000	104.63127899	
13.099999	104.59062958	
13.120000	105.12095642	
13.139999	106.25725555	
13.160000	107.57829285	
13.179999	108.64405060	
13.200000	109.39380646	
13.219999	110.03606415	
13.240000	109.99092102	
13.259999	108.89123535	
13.280000	106.79299164	
13.299999	104.63870239	
13.320000	103.00533295	
13.340000	101.49889374	
13.360000	99.68283844	
13.380000	97.26810455	
13.400000	94.85345459	
13.420000	92.77105713	
13.440000	90.90598297	
13.460000	89.13952637	
13.480000	87.27328491	
13.500000	85.42801666	
13.520000	83.60894012	
13.540000	81.79164124	
13.559999	80.09664917	
13.580000	78.45198059	
13.599999	76.93550110	
13.620000	75.40972900	
13.639999	73.94068909	
13.660000	72.53865051	
13.679999	71.28256226	
13.700000	70.18518829	
13.719999	69.30223846	
13.740000	68.61328888	
13.759999	68.01176453	
13.780000	67.75379944	
13.799999	68.08282471	
13.820000	69.29280853	
13.840000	71.38052368	
13.860000	74.05254364	
13.880000	77.07523346	
13.900000	80.12265778	
13.920000	83.14250946	
13.940000	86.18132019	
13.960000	89.19960022	
13.980000	92.10877991	
14.000000	94.80858612	
14.020000	97.30697632	
14.040000	99.66379547	
14.059999	102.06428528	
14.080000	104.11147308	
14.099999	105.74628448	
14.120000	106.65882111	
14.139999	107.05378723	
14.160000	106.95996094	
14.179999	106.52863312	
14.200000	106.13780975	
14.219999	106.08181000	
14.240000	106.31342316	
14.259999	106.95245361	
14.280000	107.40734863	
14.299999	108.17529297	
14.320000	108.88877869	
14.340000	109.68914032	
14.360000	109.49581909	
14.380000	108.15754700	
14.400000	105.88716125	
14.420000	103.65927887	
14.440000	101.94779205	
14.460000	100.40199280	
14.480000	98.62218475	
14.500000	96.39191437	
14.520000	94.15879059	
14.540000	92.00096130	
14.559999	90.15183258	
14.580000	88.47918701	
14.599999	87.03765106	
14.620000	85.29961395	
14.639999	83.62823486	
14.660000	81.88959503	
14.679999	80.36497498	
14.700000	78.68241119	
14.719999	77.00651550	
14.740000	75.34797668	
14.759999	73.90648651	
14.780000	72.49200439	
14.799999	71.18476868	
14.820000	69.96132660	
14.839999	69.01536560	
14.860000	68.36484528	
14.880000	68.04930878	
14.900000	68.13150787	
14.920000	69.14384460	
14.940000	71.08819580	
14.960000	73.79792786	
14.980000	76.56150055	
15.000000	79.21159363	
15.020000	81.88082123	
15.040000	84.58576965	
15.059999	87.50970459	
15.080000	90.26103210	
15.099999	92.99300385	
15.120000	95.25225830	
15.139999	97.28160858	
15.160000	98.83068848	
15.179999	100.46920776	
15.200000	101.99067688	
15.219999	103.42784882	
15.240000	104.40943146	
15.259999	104.97602844	
15.280000	105.06488800	
15.299999	104.84152985	
15.320000	104.45233154	
15.339999	104.10694122	
15.360000	103.95523071	
15.380000	104.23704529	
15.400000	104.75531006	
15.420000	105.43687439	
15.440000	106.37868500	
15.460000	107.32523346	
15.480000	107.64945221	
15.500000	106.69504547	
15.520000	104.76863098	
15.540000	102.74298859	
15.559999	101.18798065	
15.580000	99.79064178	
15.599999	98.13278198	
15.620000	96.02624512	
15.639999	93.75732422	
15.660000	91.38278198	
15.679999	89.20822144	
15.700000	87.32719421	
15.719999	85.84217834	
15.740000	84.16289520	
15.759999	82.44422913	
15.780000	80.56388855	
15.799999	78.85939789	
15.820000	77.10295105	
15.839999	75.67807770	
15.860000	74.17190552	
15.880000	72.77532196	
15.900000	71.27027893	
15.920000	70.09827423	
15.940000	69.18610382	
15.960000	68.51218414	
15.980000	67.96073151	
16.000000	67.84926605	
16.020000	68.46400452	
16.039999	70.25225067	
16.059999	72.82991028	
16.080000	75.79958344	
16.100000	78.72029877	
16.119999	81.58576965	
16.139999	84.64944458	
16.160000	87.83410645	
16.180000	91.24247742	
16.199999	94.37374878	
16.219999	97.29036713	
16.240000	99.82295227	
16.260000	102.14423370	
16.279999	104.14334106	
16.299999	106.04242706	
16.320000	107.50558472	
16.340000	108.36559296	
16.359999	108.37178802	
16.379999	107.94411469	
16.400000	107.22682953	
16.420000	106.54502869	
16.440001	106.07376099	
16.459999	106.12584686	
16.480000	106.46983337	
16.500000	106.80872345	
16.520000	106.82084656	
16.539999	107.00353241	
16.559999	107.45278931	
16.580000	107.73109436	
16.600000	106.96485138	
16.619999	105.27278137	
16.639999	103.36630249	
16.660000	101.78104401	
16.680000	100.22873688	
16.699999	98.33252716	
16.719999	96.16356659	
16.740000	93.84709167	
16.760000	91.83435822	
16.779999	89.91651917	
16.799999	88.12204742	
16.820000	86.27512360	
16.840000	84.38845062	
16.859999	82.46206665	
16.879999	80.60575867	
16.900000	78.74030304	
16.920000	77.00572205	
16.940001	75.33409119	
16.959999	73.95941925	
16.980000	72.68921661	
17.000000	71.58031464	
17.020000	70.57803345	
17.039999	69.81792450	
17.059999	69.31939697	
17.080000	69.10859680	
17.100000	69.76557922	
17.119999	71.23560333	
17.139999	73.39595795	
17.160000	75.60219574	
17.180000	77.78131866	
17.199999	80.08619690	
17.219999	82.43555450	
17.240000	85.10868835	
17.260000	87.78189850	
17.279999	90.73728180	
17.299999	93.45073700	
17.320000	95.94309235	
17.340000	98.00404358	
17.359999	99.85552979	
17.379999	101.87677765	
17.400000	103.52223969	
17.420000	104.95635223	
17.440001	105.67704773	
17.459999	106.08709717	
17.480000	106.08072662	
17.500000	105.67270660	
17.520000	105.18928528	
17.539999	104.77884674	
17.559999	104.79832458	
17.580000	105.16965485	
17.600000	105.60889435	
17.619999	105.97800446	
17.639999	106.37097931	
17.660000	106.93667603	
17.680000	107.20600128	
17.699999	106.51886749	
17.719999	104.93655396	
17.740000	102.90325165	
17.760000	101.34486389	
17.779999	99.87883759	
17.799999	98.32903290	
17.820000	96.26364136	
17.840000	93.78054810	
17.859999	91.56224823	
17.879999	89.53350067	
17.900000	87.87792206	
17.920000	86.21095276	
17.940001	84.50598907	
17.959999	82.78595734	
17.980000	81.06674957	
18.000000	79.41097260	
18.020000	77.79510498	
18.039999	76.07829285	
18.059999	74.26594543	
18.080000	72.45837402	
18.100000	70.89260864	
18.119999	69.69605255	
18.139999	68.78411865	
18.160000	68.14737701	
18.180000	67.74507904	
18.199999	67.77234650	
18.219999	68.34191895	
18.240000	69.62303162	
18.260000	71.78408051	
18.279999	74.56681061	
18.299999	77.60208130	
18.320000	80.54489899	
18.340000	83.47963715	
18.359999	86.53821564	
18.379999	89.46773529	
18.400000	92.15827942	
18.420000	94.47676849	
18.440001	96.62098694	
18.459999	98.90853882	
18.480000	100.95585632	
18.500000	103.06745148	
18.520000	104.60107422	
18.539999	105.88394165	
18.559999	106.50419617	
18.580000	106.60403442	
18.600000	106.28423309	
18.619999	105.68475342	
18.639999	105.25606537	
18.660000	105.13999939	
18.680000	105.59040833	
18.699999	106.39554596	
18.719999	107.20829010	
18.740000	108.18559265	
18.760000	109.07814789	
18.779999	109.70316315	
18.799999	109.17497253	
18.820000	107.55839539	
18.840000	105.32359314	
18.859999	103.44499969	
18.879999	101.75691986	
18.900000	100.06783295	
18.920000	97.84155273	
18.939999	95.52939606	
18.959999	93.35415649	
18.980000	91.40999603	
19.000000	89.64640808	
19.020000	87.76573944	
19.039999	85.61392975	
19.059999	83.45848846	
19.080000	81.40182495	
19.100000	79.71797943	
19.119999	78.12986755	
19.139999	76.56211853	
19.160000	74.93205261	
19.180000	73.17663574	
19.199999	71.59214020	
19.219999	70.19741058	
19.240000	69.12588501	
19.260000	68.20898438	
19.279999	67.39486694	
19.299999	66.62856293	
19.320000	66.23989105	
19.340000	66.49629211	
19.359999	67.65991211	
19.379999	69.60660553	
19.400000	72.36329651	
19.420000	75.52080536	
19.439999	78.94188690	
19.459999	82.37157440	
19.480000	85.83583832	
19.500000	89.29843140	
19.520000	92.43192291	
19.539999	95.16768646	
19.559999	97.47704315	
19.580000	99.58807373	
19.600000	101.79112244	
19.619999	103.85717010	
19.639999	105.50221252	
19.660000	106.48999023	
19.680000	106.94010162	
19.699999	106.92735291	
19.719999	106.44126892	
19.740000	105.69228363	
19.760000	105.13832855	
19.779999	104.96515656	
19.799999	105.41488647	
19.820000	106.21744537	
19.840000	106.96559906	
19.859999	107.53469849	
19.879999	108.32020569	
19.900000	109.07832336	
19.920000	109.21601105	
19.939999	108.09503174	
19.959999	106.23483276	
19.980000	104.24172974	
20.000000	102.50598145	
20.020000	100.69100189	
20.039999	98.70289612	
20.059999	96.41394806	
