Time	Hip_Knee_Angle_left_4.84 X
0.000000	77.00730896	
0.020000	78.27326202	
0.040000	79.79503632	
0.060000	81.68426514	
0.080000	83.54457855	
0.100000	85.50669861	
0.120000	87.52126312	
0.140000	89.60454559	
0.160000	91.72926331	
0.180000	93.78254700	
0.200000	95.71564484	
0.220000	97.51903534	
0.240000	99.26860046	
0.260000	101.03507233	
0.280000	102.89938354	
0.300000	104.84475708	
0.320000	106.79364777	
0.340000	108.70558929	
0.360000	110.52718353	
0.380000	112.23950195	
0.400000	113.78294373	
0.420000	115.13819122	
0.440000	116.24671936	
0.460000	117.06076813	
0.480000	117.44509125	
0.500000	117.20841217	
0.520000	116.15887451	
0.540000	114.23865509	
0.560000	111.56661224	
0.580000	108.31327820	
0.600000	104.73209381	
0.620000	101.03277588	
0.640000	97.39080811	
0.660000	93.84854889	
0.680000	90.51220703	
0.700000	87.43884277	
0.720000	84.63651276	
0.740000	82.07320404	
0.760000	79.78316498	
0.780000	77.81415558	
0.800000	76.20094299	
0.820000	75.01998138	
0.840000	74.36479950	
0.860000	74.26663971	
0.880000	74.66259766	
0.900000	75.42288208	
0.920000	76.30013275	
0.940000	77.07033539	
0.960000	77.67407990	
0.980000	78.07513428	
1.000000	78.18647766	
1.020000	78.12084961	
1.040000	78.14202118	
1.060000	78.52783966	
1.080000	79.31283569	
1.100000	80.57069397	
1.120000	82.28976440	
1.140000	84.37233734	
1.160000	86.56137848	
1.180000	88.76245117	
1.200000	90.96311951	
1.220000	93.14640045	
1.240000	95.22495270	
1.260000	97.16538239	
1.280000	99.02848816	
1.300000	100.90311432	
1.320000	102.81395721	
1.340000	104.76589203	
1.360000	106.71970367	
1.380000	108.62778473	
1.400000	110.39723969	
1.420000	112.01287842	
1.440000	113.43072510	
1.460000	114.65798950	
1.480000	115.66759491	
1.500000	116.44023132	
1.520000	116.87026978	
1.540000	116.77429199	
1.560000	115.96554565	
1.580000	114.32092285	
1.600000	111.88335419	
1.620000	108.77301025	
1.640000	105.19985199	
1.660000	101.35408020	
1.680000	97.42551422	
1.700000	93.57140350	
1.720000	89.90605164	
1.740000	86.48931122	
1.760000	83.38464355	
1.780000	80.63978577	
1.800000	78.25186920	
1.820000	76.25082397	
1.840000	74.71405029	
1.860000	73.71510315	
1.880000	73.23628998	
1.900000	73.25285339	
1.920000	73.71102905	
1.940000	74.53350067	
1.960000	75.48413086	
1.980000	76.38653564	
2.000000	77.09527588	
2.020000	77.50501251	
2.040000	77.52082062	
2.060000	77.24095154	
2.080000	76.96788025	
2.100000	77.03894806	
2.120000	77.61288452	
2.140000	78.74285889	
2.160000	80.39786530	
2.180000	82.45571136	
2.200000	84.73846436	
2.220000	87.08868408	
2.240000	89.46724701	
2.260000	91.85112000	
2.280000	94.21185303	
2.300000	96.47916412	
2.320000	98.66477966	
2.340000	100.80493164	
2.360000	102.88557434	
2.380000	104.85653687	
2.400000	106.67646790	
2.420000	108.37930298	
2.440000	109.95472717	
2.460000	111.45691681	
2.480000	112.87454987	
2.500000	114.24046326	
2.520000	115.50482178	
2.540000	116.63521576	
2.560000	117.44180298	
2.580000	117.71730804	
2.600000	117.19633484	
2.620000	115.74547577	
2.640000	113.35792542	
2.660000	110.21989441	
2.680000	106.58184814	
2.700000	102.68551636	
2.720000	98.75053406	
2.740000	94.95211029	
2.760000	91.39022827	
2.780000	88.15491486	
2.800000	85.31576538	
2.820000	82.84160614	
2.840000	80.66669464	
2.860000	78.76081848	
2.880000	77.18775940	
2.900000	75.97020721	
2.920000	75.18337250	
2.940000	74.86418915	
2.960000	75.05597687	
2.980000	75.59936523	
3.000000	76.25028992	
3.020000	76.74871063	
3.040000	77.02999115	
3.060000	77.06996918	
3.080000	76.86138153	
3.100000	76.55054474	
3.120000	76.45880127	
3.140000	76.80337524	
3.160000	77.59013367	
3.180000	78.80175781	
3.200000	80.42529297	
3.220000	82.37541199	
3.240000	84.46527863	
3.260000	86.61012268	
3.280000	88.79484558	
3.300000	91.03813171	
3.320000	93.26956940	
3.340000	95.44952393	
3.360000	97.60659027	
3.380000	99.80013275	
3.400000	102.00657654	
3.420000	104.17546844	
3.440000	106.27678680	
3.460000	108.28814697	
3.480000	110.16035461	
3.500000	111.87683868	
3.520000	113.44445038	
3.540000	114.86325073	
3.560000	116.11976624	
3.580000	117.18489075	
3.600000	117.97870636	
3.620000	118.30729675	
3.640000	117.94358826	
3.660000	116.69248962	
3.680000	114.56227875	
3.700000	111.65372467	
3.720000	108.20774078	
3.740000	104.44372559	
3.760000	100.57736969	
3.780000	96.71506500	
3.800000	92.96089172	
3.820000	89.35483551	
3.840000	85.97934723	
3.860000	82.88037872	
3.880000	80.15877533	
3.900000	77.85489655	
3.920000	76.08078003	
3.940000	74.88736725	
3.960000	74.30355072	
3.980000	74.25880432	
4.000000	74.67714691	
4.020000	75.35813904	
4.040000	76.00736237	
4.060000	76.43341064	
4.080000	76.63230133	
4.100000	76.61441803	
4.120000	76.35234833	
4.140000	76.02169037	
4.160000	75.92250824	
4.180000	76.26274109	
4.200000	77.06082153	
4.220000	78.38058472	
4.240000	80.21643829	
4.260000	82.43117523	
4.280000	84.79859161	
4.300000	87.17417145	
4.320000	89.51383209	
4.340000	91.85082245	
4.360000	94.15740967	
4.380000	96.39983368	
4.400000	98.55742645	
4.420000	100.68283081	
4.440000	102.70553589	
4.460000	104.56643677	
4.480000	106.25283051	
4.500000	107.86961365	
4.520000	109.43210602	
4.540000	110.96067810	
4.560000	112.46585846	
4.580000	113.91002655	
4.600000	115.24357605	
4.620000	116.40736389	
4.640000	117.31391144	
4.660000	117.82374573	
4.680000	117.73229218	
4.700000	116.85009766	
4.720000	115.08956146	
4.740000	112.53004456	
4.760000	109.37138367	
4.780000	105.82514191	
4.800000	102.09912872	
4.820000	98.33380890	
4.840000	94.63852692	
4.860000	91.07043457	
4.880000	87.72912598	
4.900000	84.67118073	
4.920000	81.94419861	
4.940000	79.53768158	
4.960000	77.49055481	
4.980000	75.85811615	
5.000000	74.70244598	
5.020000	74.04325104	
5.040000	73.87770081	
5.060000	74.13179016	
5.080000	74.58572388	
5.100000	74.99557495	
5.120000	75.23618317	
5.140000	75.25102997	
5.160000	74.98831940	
5.180000	74.55274963	
5.200000	74.24877930	
5.220000	74.36673737	
5.240000	74.99726105	
5.260000	76.16024780	
5.280000	77.84355927	
5.300000	79.96054077	
5.320000	82.28226471	
5.340000	84.68580627	
5.360000	87.12425995	
5.380000	89.59952545	
5.400000	92.01350403	
5.420000	94.31513214	
5.440000	96.52835846	
5.460000	98.72090149	
5.480000	100.91609192	
5.500000	103.07897186	
5.520000	105.16664124	
5.540000	107.12509155	
5.560000	108.91179657	
5.580000	110.52066803	
5.600000	111.99011230	
5.620000	113.36196136	
5.640000	114.63528442	
5.660000	115.77444458	
5.680000	116.64242554	
5.700000	117.04714203	
5.720000	116.75094604	
5.740000	115.58142853	
5.760000	113.51621246	
5.780000	110.67329407	
5.800000	107.29158020	
5.820000	103.60424805	
5.840000	99.80803680	
5.860000	96.04833221	
5.880000	92.41056824	
5.900000	88.96720886	
5.920000	85.78411102	
5.940000	82.92599487	
5.960000	80.38307190	
5.980000	78.14033508	
6.000000	76.24971008	
6.020000	74.78003693	
6.040000	73.79013062	
6.060000	73.29446411	
6.080000	73.33789825	
6.100000	73.79890442	
6.120000	74.47617340	
6.140000	75.09777832	
6.160000	75.54265594	
6.180000	75.69854736	
6.200000	75.53994751	
6.220000	75.17901611	
6.240000	74.93985748	
6.260000	75.10285187	
6.280000	75.79184723	
6.300000	76.99761963	
6.320000	78.68351746	
6.340000	80.71928406	
6.360000	82.95162964	
6.380000	85.24681091	
6.400000	87.57610321	
6.420000	89.93296051	
6.440000	92.29430389	
6.460000	94.61770630	
6.480000	96.89758301	
6.500000	99.17280579	
6.520000	101.40815735	
6.540000	103.54322815	
6.560000	105.51364899	
6.580000	107.37351990	
6.600000	109.11026001	
6.620000	110.74824524	
6.640000	112.27712250	
6.660000	113.70172882	
6.680000	114.98327637	
6.700000	116.07672119	
6.720000	116.88409424	
6.740000	117.26316833	
6.760000	117.02476501	
6.780000	115.99399567	
6.800000	114.13560486	
6.820000	111.52077484	
6.840000	108.35202789	
6.860000	104.80509186	
6.880000	101.08898163	
6.900000	97.34262848	
6.920000	93.71087646	
6.940000	90.27626801	
6.960000	87.13332367	
6.980000	84.28770447	
7.000000	81.74767303	
7.020000	79.48954773	
7.040000	77.56387329	
7.060000	75.99380493	
7.080000	74.84869385	
7.100000	74.14587402	
7.120000	73.90947723	
7.140000	74.08970642	
7.160000	74.58168793	
7.180000	75.18966675	
7.200000	75.72951508	
7.220000	76.08516693	
7.240000	76.17757416	
7.260000	76.02556610	
7.280000	75.85548401	
7.300000	76.01502991	
7.320000	76.66654968	
7.340000	77.81495667	
7.360000	79.42809296	
7.380000	81.46611023	
7.400000	83.77267456	
7.420000	86.18180847	
7.440000	88.63733673	
7.460000	91.13397217	
7.480000	93.59304810	
7.500000	95.92429352	
7.520000	98.11400604	
7.540000	100.18856812	
7.560000	102.14373016	
7.580000	103.97490692	
7.600000	105.69530487	
7.620000	107.32274628	
7.640000	108.86808777	
7.660000	110.36852264	
7.680000	111.82225037	
7.700000	113.20206451	
7.720000	114.48025513	
7.740000	115.68223572	
7.760000	116.75520325	
7.780000	117.59509277	
7.800000	118.00119781	
7.820000	117.75872803	
7.840000	116.67654419	
7.860000	114.72212982	
7.880000	112.02579498	
7.900000	108.78243256	
7.920000	105.20203400	
7.940000	101.43482971	
7.960000	97.62799835	
7.980000	93.89350128	
8.000000	90.36784363	
8.020000	87.15103149	
8.040000	84.28754425	
8.059999	81.72194672	
8.080000	79.43850708	
8.099999	77.45333862	
8.120000	75.86043549	
8.139999	74.71227264	
8.160000	74.09610748	
8.179999	73.99505615	
8.200000	74.31605530	
8.220000	74.84585571	
8.240000	75.40364075	
8.260000	75.86200714	
8.280000	76.12302399	
8.300000	76.13854218	
8.320000	76.00604248	
8.340000	76.03754425	
8.360000	76.46742249	
8.380000	77.40787506	
8.400000	78.82257843	
8.420000	80.68464661	
8.440000	82.83541870	
8.460000	85.12380219	
8.480000	87.47565460	
8.500000	89.87784576	
8.520000	92.26011658	
8.540000	94.52198029	
8.559999	96.62542725	
8.580000	98.58394623	
8.599999	100.46491241	
8.620000	102.29686737	
8.639999	104.09643555	
8.660000	105.86285400	
8.679999	107.59645081	
8.700000	109.28524780	
8.720000	110.90800476	
8.740000	112.44500732	
8.760000	113.86946869	
8.780000	115.16197205	
8.800000	116.29872131	
8.820000	117.24673462	
8.840000	117.87113953	
8.860000	117.93670654	
8.880000	117.21189880	
8.900000	115.59840393	
8.920000	113.16686249	
8.940000	110.10828400	
8.960000	106.67891693	
8.980000	103.08969116	
9.000000	99.49100494	
9.020000	95.95968628	
9.040000	92.57804871	
9.059999	89.39414978	
9.080000	86.45069885	
9.099999	83.76549530	
9.120000	81.35516357	
9.139999	79.22921753	
9.160000	77.45079041	
9.179999	76.07129669	
9.200000	75.14273834	
9.220000	74.65103912	
9.240000	74.60640717	
9.260000	74.96315002	
9.280000	75.59570313	
9.300000	76.29487610	
9.320000	76.88182831	
9.340000	77.20919037	
9.360000	77.20459747	
9.380000	76.99163818	
9.400000	76.87951660	
9.420000	77.17661285	
9.440000	78.00248718	
9.460000	79.34349060	
9.480000	81.12667084	
9.500000	83.23202515	
9.520000	85.49814606	
9.540000	87.82318115	
9.559999	90.18708801	
9.580000	92.60083008	
9.599999	94.99909973	
9.620000	97.30815125	
9.639999	99.49266815	
9.660000	101.57781982	
9.679999	103.53336334	
9.700000	105.35760498	
9.719999	107.05945587	
9.740000	108.70218658	
9.760000	110.29238129	
9.780000	111.83612061	
9.800000	113.30989075	
9.820000	114.69734192	
9.840000	115.98926544	
9.860000	117.16730499	
9.880000	118.15749359	
9.900000	118.81736755	
9.920000	118.92771912	
9.940000	118.25689697	
9.960000	116.67793274	
9.980000	114.24623108	
10.000000	111.14945221	
10.020000	107.61166382	
10.040000	103.84869385	
10.059999	100.04219818	
10.080000	96.31042480	
10.099999	92.76435089	
10.120000	89.47460938	
10.139999	86.46943665	
10.160000	83.72913361	
10.179999	81.27219391	
10.200000	79.11261749	
10.219999	77.33184814	
10.240000	76.00022125	
10.260000	75.18105316	
10.280000	74.83901215	
10.300000	74.93518066	
10.320000	75.33399200	
10.340000	75.85516357	
10.360000	76.29182434	
10.380000	76.55503082	
10.400000	76.56296539	
10.420000	76.30446625	
10.440000	75.95453644	
10.460000	75.83489227	
10.480000	76.15566254	
10.500000	76.96713257	
10.520000	78.25878906	
10.540000	79.99575806	
10.559999	82.05454254	
10.580000	84.32979584	
10.599999	86.73276520	
10.620000	89.20477295	
10.639999	91.65242767	
10.660000	93.98882294	
10.679999	96.15805054	
10.700000	98.19105530	
10.719999	100.17225647	
10.740000	102.13884735	
10.760000	104.07941437	
10.780000	105.94494629	
10.800000	107.72327423	
10.820000	109.39717865	
10.840000	110.97426605	
10.860000	112.46353149	
10.880000	113.87107086	
10.900000	115.21711731	
10.920000	116.46731567	
10.940000	117.55904388	
10.960000	118.31272125	
10.980000	118.52210236	
11.000000	117.96205139	
11.020000	116.54864502	
11.040000	114.31497192	
11.059999	111.41820526	
11.080000	108.06964111	
11.099999	104.45742798	
11.120000	100.72257233	
11.139999	96.97915649	
11.160000	93.37568665	
11.179999	89.99528503	
11.200000	86.93732452	
11.219999	84.24724579	
11.240000	81.91645050	
11.259999	79.88550568	
11.280000	78.19195557	
11.300000	76.86467743	
11.320000	75.94691467	
11.340000	75.44442749	
11.360000	75.40940857	
11.380000	75.75720215	
11.400000	76.26428986	
11.420000	76.67084503	
11.440000	76.86723328	
11.460000	76.77940369	
11.480000	76.35917664	
11.500000	75.73348999	
11.520000	75.21990204	
11.540000	75.15713501	
11.559999	75.63990021	
11.580000	76.68427277	
11.599999	78.24766541	
11.620000	80.25125122	
11.639999	82.49239349	
11.660000	84.87605286	
11.679999	87.31134033	
11.700000	89.75064850	
11.719999	92.10443115	
11.740000	94.32746887	
11.759999	96.42942810	
11.780000	98.48819733	
11.800000	100.55779266	
11.820000	102.59864044	
11.840000	104.55307007	
11.860000	106.38754272	
11.880000	108.12438965	
11.900000	109.76698303	
11.920000	111.32327271	
11.940000	112.80385590	
11.960000	114.20684814	
11.980000	115.55416107	
12.000000	116.82893372	
12.020000	117.99629211	
12.040000	118.86953735	
12.059999	119.19453430	
12.080000	118.69266510	
12.099999	117.25517273	
12.120000	114.92341614	
12.139999	111.88501740	
12.160000	108.37672424	
12.179999	104.62235260	
12.200000	100.77281952	
12.219999	96.92856598	
12.240000	93.19459534	
12.259999	89.70140839	
12.280000	86.53652191	
12.300000	83.74013519	
12.320000	81.32648468	
12.340000	79.28549957	
12.360000	77.64154053	
12.380000	76.38996124	
12.400000	75.57522583	
12.420000	75.18220520	
12.440000	75.25258636	
12.460000	75.67198181	
12.480000	76.24996185	
12.500000	76.73154449	
12.520000	77.05246735	
12.540000	77.18914032	
12.559999	77.07306671	
12.580000	76.75032043	
12.599999	76.46581268	
12.620000	76.50124359	
12.639999	76.95346069	
12.660000	77.85162354	
12.679999	79.22887421	
12.700000	81.02510834	
12.719999	83.06999207	
12.740000	85.20423126	
12.759999	87.40358734	
12.780000	89.64723206	
12.799999	91.90609741	
12.820000	94.11391449	
12.840000	96.28448486	
12.860000	98.47364044	
12.880000	100.70820618	
12.900000	102.91654968	
12.920000	105.00870514	
12.940000	106.92600250	
12.960000	108.63867188	
12.980000	110.17139435	
13.000000	111.55762482	
13.020000	112.86405182	
13.040000	114.10871887	
13.059999	115.31103516	
13.080000	116.37124634	
13.099999	117.17933655	
13.120000	117.52445984	
13.139999	117.23951721	
13.160000	116.12988281	
13.179999	114.17353821	
13.200000	111.47311401	
13.219999	108.24204254	
13.240000	104.67141724	
13.259999	100.97714996	
13.280000	97.34190369	
13.299999	93.90549469	
13.320000	90.71472931	
13.340000	87.81385040	
13.360000	85.19123840	
13.380000	82.82530212	
13.400000	80.66749573	
13.420000	78.74677277	
13.440000	77.12647247	
13.460000	75.87141418	
13.480000	75.01991272	
13.500000	74.61406708	
13.520000	74.68728638	
13.540000	75.14604187	
13.559999	75.76049042	
13.580000	76.30374908	
13.599999	76.67550659	
13.620000	76.77108765	
13.639999	76.57491302	
13.660000	76.26889038	
13.679999	76.20991516	
13.700000	76.59645081	
13.719999	77.46997070	
13.740000	78.82613373	
13.759999	80.65252686	
13.780000	82.80134583	
13.799999	85.07503510	
13.820000	87.38433838	
13.840000	89.70257568	
13.860000	92.01073456	
13.880000	94.24878693	
13.900000	96.41677856	
13.920000	98.56504059	
13.940000	100.70750427	
13.960000	102.81404877	
13.980000	104.82855988	
14.000000	106.72659302	
14.020000	108.48585510	
14.040000	110.10084534	
14.059999	111.58425903	
14.080000	112.97261810	
14.099999	114.30274200	
14.120000	115.57147217	
14.139999	116.72653198	
14.160000	117.62414551	
14.179999	118.04243469	
14.200000	117.74673462	
14.219999	116.55299377	
14.240000	114.47462463	
14.259999	111.64315033	
14.280000	108.31658173	
14.299999	104.68992615	
14.320000	100.95669556	
14.340000	97.21661377	
14.360000	93.56448364	
14.380000	90.10487366	
14.400000	86.93327332	
14.420000	84.06539917	
14.440000	81.49776459	
14.460000	79.22996521	
14.480000	77.31013489	
14.500000	75.77553558	
14.520000	74.72934723	
14.540000	74.20418549	
14.559999	74.19862366	
14.580000	74.52754211	
14.599999	74.92477417	
14.620000	75.16831970	
14.639999	75.25067902	
14.660000	75.22208405	
14.679999	75.07257843	
14.700000	74.90966034	
14.719999	74.96102142	
14.740000	75.40051270	
14.759999	76.19728088	
14.780000	77.38130188	
14.799999	79.00842285	
14.820000	81.06479645	
14.839999	83.36597443	
14.860000	85.82067108	
14.880000	88.37853241	
14.900000	90.98600006	
14.920000	93.49295044	
14.940000	95.82948303	
14.960000	98.00782013	
14.980000	100.09053802	
15.000000	102.07731628	
15.020000	103.99550629	
15.040000	105.83472443	
15.059999	107.58316040	
15.080000	109.20309448	
15.099999	110.72594452	
15.120000	112.15884399	
15.139999	113.54927063	
15.160000	114.89282227	
15.179999	116.20440674	
15.200000	117.36230469	
15.219999	118.17265320	
15.240000	118.31425476	
15.259999	117.53967285	
15.280000	115.74010468	
15.299999	113.01486206	
15.320000	109.62060547	
15.339999	105.83717346	
15.360000	101.90529633	
15.380000	97.94815063	
15.400000	94.07900238	
15.420000	90.40548706	
15.440000	87.04183197	
15.460000	84.04898071	
15.480000	81.43273926	
15.500000	79.15997314	
15.520000	77.18728638	
15.540000	75.51476288	
15.559999	74.19321442	
15.580000	73.31258392	
15.599999	72.94600677	
15.620000	73.08273315	
15.639999	73.61751556	
15.660000	74.31642151	
15.679999	74.96546173	
15.700000	75.51907349	
15.719999	75.98689270	
15.740000	76.29949951	
15.759999	76.40561676	
15.780000	76.49414063	
15.799999	76.77149963	
15.820000	77.35128021	
15.839999	78.25456238	
15.860000	79.60057068	
15.880000	81.35386658	
15.900000	83.33821869	
15.920000	85.34637451	
15.940000	87.37294769	
15.960000	89.45993042	
15.980000	91.58795929	
16.000000	93.66085052	
16.020000	95.69390106	
16.039999	97.73063660	
16.059999	99.78839874	
16.080000	101.77655792	
16.100000	103.69272614	
16.119999	105.50815582	
16.139999	107.23229218	
16.160000	108.79104614	
16.180000	110.23961639	
16.199999	111.58141327	
16.219999	112.90119934	
16.240000	114.18491364	
16.260000	115.44802094	
16.279999	116.58903503	
16.299999	117.44931030	
16.320000	117.74033356	
16.340000	117.21995544	
16.359999	115.77364349	
16.379999	113.44709778	
16.400000	110.44268036	
16.420000	106.98960114	
16.440001	103.34662628	
16.459999	99.65269470	
16.480000	96.03546906	
16.500000	92.55001068	
16.520000	89.31522369	
16.539999	86.38497925	
16.559999	83.80736542	
16.580000	81.53076935	
16.600000	79.56781769	
16.619999	77.92337799	
16.639999	76.66809845	
16.660000	75.86239624	
16.680000	75.56393433	
16.699999	75.74367523	
16.719999	76.29368591	
16.740000	76.99359131	
16.760000	77.57964325	
16.779999	77.86090088	
16.799999	77.80758667	
16.820000	77.46261597	
16.840000	77.01377106	
16.859999	76.80513763	
16.879999	77.12145996	
16.900000	77.98949432	
16.920000	79.30629730	
16.940001	81.00288391	
16.959999	82.97200012	
16.980000	85.03914642	
17.000000	87.14989471	
17.020000	89.34500885	
17.039999	91.59000397	
17.059999	93.73995209	
17.080000	95.78993988	
17.100000	97.76966095	
17.119999	99.73990631	
17.139999	101.68490601	
17.160000	103.63272858	
17.180000	105.57967377	
17.199999	107.47978210	
17.219999	109.30442810	
17.240000	111.02754974	
17.260000	112.65985107	
17.279999	114.15551758	
17.299999	115.48564911	
17.320000	116.54868317	
17.340000	117.23680115	
17.359999	117.34839630	
17.379999	116.69210815	
17.400000	115.18126678	
17.420000	112.85713959	
17.440001	109.90309143	
17.459999	106.49534607	
17.480000	102.85017395	
17.500000	99.12606812	
17.520000	95.48111725	
17.539999	92.02334595	
17.559999	88.85158539	
17.580000	86.03479767	
17.600000	83.62329865	
17.619999	81.55731964	
17.639999	79.82498932	
17.660000	78.40213013	
17.680000	77.37287903	
17.699999	76.72767639	
17.719999	76.53990936	
17.740000	76.74014282	
17.760000	77.22908783	
17.779999	77.66337585	
17.799999	77.85218811	
17.820000	77.73619080	
17.840000	77.36450195	
17.859999	76.74939728	
17.879999	76.08812714	
17.900000	75.75559998	
17.920000	75.97142792	
17.940001	76.78144836	
17.959999	78.11317444	
17.980000	79.95886230	
18.000000	82.10504150	
18.020000	84.42897034	
18.039999	86.79476929	
18.059999	89.20606995	
18.080000	91.58249664	
18.100000	93.88366699	
18.119999	96.01335144	
18.139999	98.00054932	
18.160000	99.94979095	
18.180000	101.93907928	
18.199999	103.93068695	
18.219999	105.87625122	
18.240000	107.75617218	
18.260000	109.58592224	
18.279999	111.32944489	
18.299999	113.00717926	
18.320000	114.57755280	
18.340000	116.06179810	
18.359999	117.37364197	
18.379999	118.48715210	
18.400000	119.21839905	
18.420000	119.35772705	
18.440001	118.64760590	
18.459999	117.00555420	
18.480000	114.51348114	
18.500000	111.35322571	
18.520000	107.77422333	
18.539999	103.96990204	
18.559999	100.11188507	
18.580000	96.24404144	
18.600000	92.49942017	
18.619999	88.97045135	
18.639999	85.80483246	
18.660000	82.99326324	
18.680000	80.56939697	
18.699999	78.50427246	
18.719999	76.84915161	
18.740000	75.62140656	
18.760000	74.91350555	
18.779999	74.73382568	
18.799999	75.05879211	
18.820000	75.71277618	
18.840000	76.41834259	
18.859999	76.92824554	
18.879999	77.12126923	
18.900000	76.95681000	
18.920000	76.45281982	
18.939999	75.87815094	
18.959999	75.58322144	
18.980000	75.81228638	
19.000000	76.53815460	
19.020000	77.76719666	
19.039999	79.43968201	
19.059999	81.44360352	
19.080000	83.59377289	
19.100000	85.83626556	
19.119999	88.14891815	
19.139999	90.46173859	
19.160000	92.66802216	
19.180000	94.75291443	
19.199999	96.78658295	
19.219999	98.82418823	
19.240000	100.82965851	
19.260000	102.78490448	
19.279999	104.65264130	
19.299999	106.44335938	
19.320000	108.12411499	
19.340000	109.72296143	
19.359999	111.21559906	
19.379999	112.62466431	
19.400000	113.94714355	
19.420000	115.15616608	
19.439999	116.16596985	
19.459999	116.83990479	
19.480000	116.96525574	
19.500000	116.31568909	
19.520000	114.78734589	
19.539999	112.43807983	
19.559999	109.43557739	
19.580000	105.98497009	
19.600000	102.27980804	
19.619999	98.48253632	
19.639999	94.69981384	
19.660000	91.06560516	
19.680000	87.65985870	
19.699999	84.59976196	
19.719999	81.94367218	
19.740000	79.66575623	
19.760000	77.72483063	
19.779999	76.13095856	
19.799999	74.96312714	
19.820000	74.22584534	
19.840000	73.97045898	
19.859999	74.17421722	
19.879999	74.74449921	
19.900000	75.34331512	
19.920000	75.90130615	
19.939999	75.94990540	
19.959999	75.70702362	
19.980000	75.48716736	
20.000000	75.33621979	
20.020000	74.99812317	
20.039999	74.78260803	
20.059999	75.06555176	
