Time	Knee_Angle_left_4.84 X
0.000000	167.00730896
0.020000	166.15077209
0.040000	165.73071289
0.060000	165.99671936
0.080000	166.18957520
0.100000	166.68548584
0.120000	167.32487488
0.140000	168.15390015
0.160000	169.17092896
0.180000	170.24101257
0.200000	171.23643494
0.220000	172.12498474
0.240000	172.99998474
0.260000	173.89697266
0.280000	174.84803772
0.300000	175.78471375
0.320000	176.61235046
0.340000	177.25958252
0.360000	177.63345337
0.380000	177.69171143
0.400000	177.31471252
0.420000	176.45423889
0.440000	175.03102112
0.460000	173.03193665
0.480000	170.32157898
0.500000	166.68733215
0.520000	161.92373657
0.540000	156.07998657
0.560000	149.52581787
0.580000	142.78187561
0.600000	136.47894287
0.620000	131.14761353
0.640000	127.12120819
0.660000	124.46666718
0.680000	123.15706635
0.700000	123.17849731
0.720000	124.39739990
0.740000	126.67478180
0.760000	129.86062622
0.780000	133.91622925
0.800000	138.78242493
0.820000	144.45693970
0.840000	150.90217590
0.860000	157.92143250
0.880000	165.09663391
0.900000	171.74476624
0.920000	176.95419312
0.940000	179.93751526
0.960000	178.88087463
0.980000	179.73446655
1.000000	177.78187561
1.020000	174.31112671
1.040000	170.87042236
1.060000	168.09976196
1.080000	166.15164185
1.100000	165.13981628
1.120000	165.12481689
1.140000	165.83303833
1.160000	166.78161621
1.180000	167.80073547
1.200000	168.90257263
1.220000	170.07752991
1.240000	171.18212891
1.260000	172.13571167
1.280000	173.00428772
1.300000	173.90011597
1.320000	174.78895569
1.340000	175.65568542
1.360000	176.40823364
1.380000	176.99034119
1.400000	177.22431946
1.420000	177.08155823
1.440000	176.43406677
1.460000	175.27722168
1.480000	173.57682800
1.500000	171.37385559
1.520000	168.56573486
1.540000	164.94252014
1.560000	160.30480957
1.580000	154.60339355
1.600000	148.09226990
1.620000	141.24061584
1.640000	134.66940308
1.660000	128.94845581
1.680000	124.47795868
1.700000	121.46982574
1.720000	119.92021942
1.740000	119.74861908
1.760000	120.83393097
1.780000	123.10230255
1.800000	126.38597870
1.820000	130.61938477
1.840000	135.80827332
1.860000	141.91781616
1.880000	148.75004578
1.900000	156.02337646
1.920000	163.31623840
1.940000	170.08583069
1.960000	175.50442505
1.980000	178.99742126
2.000000	179.60652161
2.020000	179.75582886
2.040000	177.27290344
2.060000	173.56227112
2.080000	169.65988159
2.100000	166.38099670
2.120000	164.08909607
2.140000	162.86958313
2.160000	162.73400879
2.180000	163.40524292
2.200000	164.52941895
2.220000	165.82995605
2.240000	167.29687500
2.260000	168.90036011
2.280000	170.59838867
2.300000	172.20800781
2.320000	173.73162842
2.340000	175.17131042
2.360000	176.44723511
2.380000	177.43615723
2.400000	178.08071899
2.420000	178.44619751
2.440000	178.48973083
2.460000	178.27839661
2.480000	177.76472473
2.500000	176.97215271
2.520000	175.81642151
2.540000	174.27479553
2.560000	172.14859009
2.580000	169.17407227
2.600000	165.06074524
2.620000	159.68847656
2.640000	153.23205566
2.660000	146.18908691
2.680000	139.25061035
2.700000	133.02767944
2.720000	127.98131561
2.740000	124.38121033
2.760000	122.27806091
2.780000	121.62901306
2.800000	122.36254120
2.820000	124.35327911
2.840000	127.41291046
2.860000	131.36868286
2.880000	136.21968079
2.900000	141.89111328
2.920000	148.35362244
2.940000	155.40312195
2.960000	162.80125427
2.980000	169.86125183
3.000000	175.60511780
3.020000	179.13182068
3.040000	179.70312500
3.060000	179.27980042
3.080000	176.52180481
3.100000	172.82736206
3.120000	169.33488464
3.140000	166.69255066
3.160000	164.94534302
3.180000	164.00498962
3.200000	163.86676025
3.220000	164.36741638
3.240000	165.14424133
3.260000	166.07188416
3.280000	167.15568542
3.300000	168.42706299
3.320000	169.73609924
3.340000	170.96882629
3.360000	172.16734314
3.380000	173.40625000
3.400000	174.63891602
3.420000	175.75515747
3.440000	176.70559692
3.460000	177.43067932
3.480000	177.84318542
3.500000	177.87649536
3.520000	177.53015137
3.540000	176.76374817
3.560000	175.55171204
3.580000	173.84135437
3.600000	171.59155273
3.620000	168.55529785
3.640000	164.48341370
3.660000	159.17701721
3.680000	152.83831787
3.700000	145.87518311
3.720000	138.96366882
3.740000	132.77485657
3.760000	127.83820343
3.780000	124.38156891
3.800000	122.42026520
3.820000	121.82768250
3.840000	122.46988678
3.860000	124.24776459
3.880000	127.14453888
3.900000	131.11264038
3.920000	136.17942810
3.940000	142.29075623
3.960000	149.31507874
3.980000	156.92698669
4.000000	164.66539001
4.020000	171.67379761
4.040000	176.86682129
4.060000	179.60418701
4.080000	179.96794128
4.100000	178.44433594
4.120000	175.31912231
4.140000	171.47700500
4.160000	167.96255493
4.180000	165.23318481
4.200000	163.38864136
4.220000	162.53564453
4.240000	162.75950623
4.260000	163.74523926
4.280000	165.06330872
4.300000	166.49018860
4.320000	167.98490906
4.340000	169.60269165
4.360000	171.23651123
4.380000	172.78750610
4.400000	174.17716980
4.420000	175.45355225
4.440000	176.47370911
4.460000	177.14825439
4.480000	177.48385620
4.500000	177.63131714
4.520000	177.59770203
4.540000	177.38237000
4.560000	176.98365784
4.580000	176.30239868
4.600000	175.26786804
4.620000	173.80610657
4.640000	171.85984802
4.660000	169.25172424
4.680000	165.75039673
4.700000	161.14236450
4.720000	155.45220947
4.740000	149.00483704
4.760000	142.38929749
4.780000	136.19874573
4.800000	130.95790100
4.820000	126.98727417
4.840000	124.38175964
4.860000	123.09056091
4.880000	123.08110046
4.900000	124.30952454
4.920000	126.69745636
4.940000	130.13763428
4.960000	134.54882813
4.980000	139.89530945
5.000000	146.11701965
5.020000	152.99714661
5.040000	160.19506836
5.060000	167.11434937
5.080000	172.87380981
5.100000	176.60414124
5.120000	178.00744629
5.140000	177.19218445
5.160000	174.47103882
5.180000	170.54995728
5.200000	166.53234863
5.220000	163.28611755
5.240000	161.06494141
5.260000	159.91212463
5.280000	159.81651306
5.300000	160.63790894
5.320000	161.94781494
5.340000	163.51629639
5.360000	165.27273560
5.380000	167.17785645
5.400000	169.05723572
5.420000	170.76828003
5.440000	172.31210327
5.460000	173.76142883
5.480000	175.14825439
5.500000	176.37782288
5.520000	177.37617493
5.540000	178.02357483
5.560000	178.27793884
5.580000	178.08714294
5.600000	177.50439453
5.620000	176.54646301
5.640000	175.25596619
5.660000	173.56901550
5.680000	171.36618042
5.700000	168.41221619
5.720000	164.47908020
5.740000	159.38253784
5.760000	153.25303650
5.780000	146.48381042
5.800000	139.72798157
5.820000	133.58663940
5.840000	128.56088257
5.860000	124.95973206
5.880000	122.84383392
5.900000	122.13925171
5.920000	122.72502136
5.940000	124.54017639
5.960000	127.41535187
5.980000	131.19897461
6.000000	135.81912231
6.020000	141.27755737
6.040000	147.48199463
6.060000	154.20652771
6.080000	161.17669678
6.100000	167.80931091
6.120000	173.31172180
6.140000	176.87542725
6.160000	178.27020264
6.180000	177.50614929
6.200000	174.92692566
6.220000	171.19485474
6.240000	167.40010071
6.260000	164.32496643
6.280000	162.27189636
6.300000	161.20989990
6.320000	161.12419128
6.340000	161.78430176
6.360000	162.88169861
6.380000	164.18461609
6.400000	165.67230225
6.420000	167.30125427
6.440000	169.00474548
6.460000	170.66613770
6.480000	172.28500366
6.500000	173.85864258
6.520000	175.31198120
6.540000	176.51213074
6.560000	177.39888000
6.580000	178.00875854
6.600000	178.33102417
6.620000	178.36933899
6.640000	178.08369446
6.660000	177.41465759
6.680000	176.29492188
6.700000	174.67645264
6.720000	172.49839783
6.740000	169.61769104
6.760000	165.84248352
6.780000	160.99928284
6.800000	155.18847656
6.820000	148.72521973
6.840000	142.22817993
6.860000	136.23376465
6.880000	131.27696228
6.900000	127.63713837
6.920000	125.44967651
6.940000	124.61824036
6.960000	125.05718994
6.980000	126.62329102
7.000000	129.21998596
7.020000	132.67971802
7.040000	136.96072388
7.060000	141.97883606
7.080000	147.73141479
7.100000	154.02363586
7.120000	160.65109253
7.140000	167.16352844
7.160000	172.91160583
7.180000	177.09881592
7.200000	179.25952148
7.220000	179.34428406
7.240000	177.51005554
7.260000	174.24583435
7.280000	170.49656677
7.300000	167.28643799
7.320000	165.05503845
7.340000	163.82131958
7.360000	163.57066345
7.380000	164.21522522
7.400000	165.41923523
7.420000	166.87188721
7.440000	168.51181030
7.460000	170.34800720
7.480000	172.23915100
7.500000	173.98959351
7.520000	175.50265503
7.540000	176.77879333
7.560000	177.76557922
7.580000	178.43148804
7.600000	178.81004333
7.620000	178.94085693
7.640000	178.86557007
7.660000	178.59419250
7.680000	178.10127258
7.700000	177.28491211
7.720000	176.11906433
7.740000	174.65638733
7.760000	172.89123535
7.780000	170.70303345
7.800000	167.85780334
7.820000	164.08413696
7.840000	159.20578003
7.860000	153.31800842
7.880000	146.86741638
7.900000	140.44584656
7.920000	134.67085266
7.940000	129.98004150
7.960000	126.62561035
7.980000	124.69371033
8.000000	124.15911102
8.020000	124.94107056
8.040000	126.90022278
8.059999	129.87480164
8.080000	133.69740295
8.099999	138.29121399
8.120000	143.66979980
8.139999	149.73664856
8.160000	156.31025696
8.179999	163.00300598
8.200000	169.27143860
8.220000	174.32357788
8.240000	177.52653503
8.260000	178.70005798
8.280000	177.88336182
8.300000	175.36552429
8.320000	171.79742432
8.340000	168.24649048
8.360000	165.43255615
8.380000	163.62322998
8.400000	162.79942322
8.420000	162.92861938
8.440000	163.72180176
8.460000	164.83578491
8.480000	166.15942383
8.500000	167.67193604
8.520000	169.30468750
8.540000	170.86761475
8.559999	172.25836182
8.580000	173.43734741
8.599999	174.48225403
8.620000	175.39215088
8.639999	176.16917419
8.660000	176.80155945
8.679999	177.30320740
8.700000	177.62736511
8.720000	177.71705627
8.740000	177.49124146
8.760000	176.87773132
8.780000	175.81312561
8.800000	174.31051636
8.820000	172.33767700
8.840000	169.77342224
8.860000	166.34391785
8.880000	161.86083984
8.900000	156.30049133
8.920000	149.97671509
8.940000	143.41058350
8.960000	137.26379395
8.980000	132.04560852
9.000000	128.06816101
9.020000	125.41712952
9.040000	124.07677460
9.059999	123.93689728
9.080000	124.90725708
9.099999	126.89635468
9.120000	129.79255676
9.139999	133.47233582
9.160000	137.92068481
9.179999	143.09440613
9.200000	148.95858765
9.220000	155.27153015
9.240000	161.75830078
9.260000	167.93789673
9.280000	173.17793274
9.300000	176.75012207
9.320000	178.31097412
9.340000	177.76011658
9.360000	175.33740234
9.380000	171.71427917
9.400000	167.97807312
9.420000	165.00727844
9.440000	163.12104797
9.460000	162.26010132
9.480000	162.29862976
9.500000	163.00888062
9.520000	164.08219910
9.540000	165.37942505
9.559999	166.90771484
9.580000	168.67434692
9.599999	170.50373840
9.620000	172.20823669
9.639999	173.69487000
9.660000	175.00044250
9.679999	176.03321838
9.700000	176.78466797
9.719999	177.26075745
9.740000	177.55242920
9.760000	177.63595581
9.780000	177.49835205
9.800000	177.11949158
9.820000	176.43473816
9.840000	175.42602539
9.860000	174.04808044
9.880000	172.25573730
9.900000	169.82279968
9.920000	166.53302002
9.940000	162.13793945
9.960000	156.65830994
9.980000	150.35614014
10.000000	143.82795715
10.020000	137.65167236
10.040000	132.39068604
10.059999	128.35890198
10.080000	125.69094849
10.099999	124.35115814
10.120000	124.28710938
10.139999	125.37236786
10.160000	127.49341583
10.179999	130.53820801
10.200000	134.45219421
10.219999	139.22167969
10.240000	144.86184692
10.260000	151.28755188
10.280000	158.22552490
10.300000	165.24581909
10.320000	171.64776611
10.340000	176.58261108
10.360000	179.40270996
10.380000	179.97802734
10.400000	178.57902527
10.420000	175.46498108
10.440000	171.53370667
10.460000	167.85374451
10.480000	165.03251648
10.500000	163.17486572
10.520000	162.27085876
10.540000	162.28405762
10.559999	162.97038269
10.580000	164.06604004
10.599999	165.46572876
10.620000	167.11532593
10.639999	168.89082336
10.660000	170.61271667
10.679999	172.15391541
10.700000	173.50320435
10.719999	174.71554565
10.740000	175.78198242
10.760000	176.67147827
10.780000	177.33006287
10.800000	177.76362610
10.820000	177.94441223
10.840000	177.84513855
10.860000	177.42868042
10.880000	176.65832520
10.900000	175.56083679
10.920000	174.11264038
10.940000	172.28918457
10.960000	169.88502502
10.980000	166.69184875
11.000000	162.47018433
11.020000	157.22666931
11.040000	151.17071533
11.059999	144.77075195
11.080000	138.57688904
11.099999	133.07218933
11.120000	128.58894348
11.139999	125.31079865
11.160000	123.34053802
11.179999	122.65050507
11.200000	123.21894836
11.219999	125.00748444
11.240000	127.89081573
11.259999	131.71110535
11.280000	136.40022278
11.300000	141.89353943
11.320000	148.13168335
11.340000	154.93154907
11.360000	162.09974670
11.380000	169.10197449
11.400000	175.03233337
11.420000	178.97550964
11.440000	179.39591980
11.460000	179.92059326
11.480000	177.13677979
11.500000	172.96932983
11.520000	168.56988525
11.540000	164.93280029
11.559999	162.34715271
11.580000	160.86000061
11.599999	160.42785645
11.620000	160.91964722
11.639999	161.94429016
11.660000	163.32261658
11.679999	164.93309021
11.700000	166.73461914
11.719999	168.55218506
11.740000	170.24726868
11.759999	171.78167725
11.780000	173.25505066
11.800000	174.69288635
11.820000	175.99052429
11.840000	177.03619385
11.860000	177.79649353
11.880000	178.30630493
11.900000	178.54757690
11.920000	178.50604248
11.940000	178.14942932
11.960000	177.46267700
11.980000	176.46412659
12.000000	175.18183899
12.020000	173.59397888
12.040000	171.50790405
12.059999	168.57319641
12.080000	164.49884033
12.099999	159.21658325
12.120000	152.97958374
12.139999	146.28147888
12.160000	139.76609802
12.179999	133.96495056
12.200000	129.22654724
12.219999	125.68527985
12.240000	123.42510986
12.259999	122.45983124
12.280000	122.79611969
12.300000	124.36362457
12.320000	127.11522675
12.340000	130.91744995
12.360000	135.73092651
12.380000	141.38661194
12.400000	147.82717896
12.420000	154.79980469
12.440000	162.10237122
12.460000	169.12864685
12.480000	175.04441833
12.500000	178.94578552
12.520000	179.36045837
12.540000	179.74121094
12.559999	178.01176453
12.580000	174.44267273
12.599999	170.55192566
12.620000	167.20321655
12.639999	164.67759705
12.660000	163.03497314
12.679999	162.38192749
12.700000	162.60176086
12.719999	163.35499573
12.740000	164.36021423
12.759999	165.63525391
12.780000	167.13903809
12.799999	168.79867554
12.820000	170.43695068
12.840000	172.00985718
12.860000	173.57690430
12.880000	175.14154053
12.900000	176.58345032
12.920000	177.72370911
12.940000	178.50180054
12.960000	178.85658264
12.980000	178.84852600
13.000000	178.47319031
13.020000	177.81103516
13.040000	176.83810425
13.059999	175.57937622
13.080000	173.90901184
13.099999	171.73440552
13.120000	168.83869934
13.139999	165.04270935
13.160000	160.16908264
13.179999	154.30613708
13.200000	147.85298157
13.219999	141.36654663
13.240000	135.40634155
13.259999	130.46430969
13.280000	126.89469147
13.299999	124.78488922
13.320000	124.05677795
13.340000	124.61225891
13.360000	126.30208588
13.380000	128.96243286
13.400000	132.37603760
13.420000	136.46818542
13.440000	141.23143005
13.460000	146.69607544
13.480000	152.78105164
13.500000	159.34074402
13.520000	166.05357361
13.540000	172.30154419
13.559999	177.17219543
13.580000	179.97337341
13.599999	179.31413269
13.620000	179.27482605
13.639999	176.23344421
13.660000	172.43757629
13.679999	168.99374390
13.700000	166.40876770
13.719999	164.79376221
13.740000	164.09577942
13.759999	164.31506348
13.780000	165.14276123
13.799999	166.25791931
13.820000	167.51727295
13.840000	168.91044617
13.860000	170.39228821
13.880000	171.84631348
13.900000	173.22616577
13.920000	174.60359192
13.940000	175.95018005
13.960000	177.18656921
13.980000	178.17929077
14.000000	178.89137268
14.020000	179.27058411
14.040000	179.31015015
14.059999	178.98838806
14.080000	178.34677124
14.099999	177.38784790
14.120000	176.11273193
14.139999	174.46224976
14.160000	172.31726074
14.179999	169.40531921
14.200000	165.48397827
14.219999	160.37963867
14.240000	154.31265259
14.259999	147.69412231
14.280000	141.20002747
14.299999	135.36395264
14.320000	130.67762756
14.340000	127.31540680
14.360000	125.32769775
14.380000	124.66098022
14.400000	125.29051971
14.420000	127.09864807
14.440000	129.97946167
14.460000	133.80632019
14.480000	138.54759216
14.500000	144.13719177
14.520000	150.56135559
14.540000	157.61755371
14.559999	164.97497559
14.580000	171.86331177
14.599999	177.22019958
14.620000	179.76205444
14.639999	179.06278992
14.660000	179.64732361
14.679999	176.79553223
14.700000	173.13575745
14.719999	169.67840576
14.740000	166.97879028
14.759999	165.02629089
14.780000	163.84518433
14.799999	163.59304810
14.820000	164.20541382
14.839999	165.30158997
14.860000	166.70510864
14.880000	168.36920166
14.900000	170.23754883
14.920000	172.08383179
14.940000	173.75666809
14.960000	175.25186157
14.980000	176.60238647
15.000000	177.74900818
15.020000	178.65789795
15.040000	179.31146240
15.059999	179.67665100
15.080000	179.72813416
15.099999	179.47338867
15.120000	178.89849854
15.139999	178.00042725
15.160000	176.79627991
15.179999	175.33636475
15.200000	173.54319763
15.219999	171.18251038
15.240000	167.85603333
15.259999	163.25765991
15.280000	157.35006714
15.299999	150.48446655
15.320000	143.34732056
15.339999	136.67158508
15.360000	131.07377625
15.380000	126.85374451
15.400000	124.10877991
15.420000	122.78279877
15.440000	122.81230164
15.460000	124.10009766
15.480000	126.55661011
15.500000	130.00979614
15.520000	134.28570557
15.540000	139.25875854
15.559999	144.92370605
15.580000	151.24467468
15.599999	158.10513306
15.620000	165.16036987
15.639999	171.78019714
15.660000	177.03250122
15.679999	179.83578491
15.700000	178.74444580
15.719999	179.37182617
15.740000	178.58825684
15.759999	175.49664307
15.780000	172.21881104
15.799999	169.35258484
15.820000	167.10812378
15.839999	165.51919556
15.860000	164.85942078
15.880000	165.05282593
15.900000	165.69752502
15.920000	166.48020935
15.940000	167.43605042
15.960000	168.65635681
15.980000	170.05830383
16.000000	171.43121338
16.020000	172.76901245
16.039999	174.11351013
16.059999	175.47346497
16.080000	176.67021179
16.100000	177.69387817
16.119999	178.44964600
16.139999	178.94781494
16.160000	179.03939819
16.180000	178.81517029
16.199999	178.25753784
16.219999	177.48182678
16.240000	176.46119690
16.260000	175.23123169
16.279999	173.69314575
16.299999	171.67149353
16.320000	168.80613708
16.340000	164.79634094
16.359999	159.55578613
16.379999	153.29858398
16.400000	146.52197266
16.420000	139.81286621
16.440001	133.80281067
16.459999	128.89530945
16.480000	125.32594299
16.500000	123.10151672
16.520000	122.25539398
16.539999	122.71606445
16.559999	124.42573547
16.580000	127.19075012
16.600000	130.93682861
16.619999	135.56478882
16.639999	141.08847046
16.660000	147.45857239
16.680000	154.51347351
16.699999	161.88439941
16.719999	168.95712280
16.740000	174.86056519
16.760000	178.67614746
16.779999	179.96438599
16.799999	178.99308777
16.820000	176.02137756
16.840000	171.96463013
16.859999	168.07154846
16.879999	165.16363525
16.900000	163.35900879
16.920000	162.47940063
16.940001	162.41645813
16.959999	162.95440674
16.980000	163.73147583
17.000000	164.67459106
17.020000	165.82324219
17.039999	167.15228271
17.059999	168.40730286
17.080000	169.57478333
17.100000	170.66679382
17.119999	171.74937439
17.139999	172.74450684
17.160000	173.63699341
17.180000	174.40364075
17.199999	174.97680664
17.219999	175.30973816
17.240000	175.32835388
17.260000	175.01176453
17.279999	174.29377747
17.299999	173.13916016
17.320000	171.46173096
17.340000	169.09934998
17.359999	165.85057068
17.379999	161.50796509
17.400000	156.12057495
17.420000	149.90080261
17.440001	143.41920471
17.459999	137.19665527
17.480000	131.78559875
17.500000	127.52510071
17.520000	124.63483429
17.539999	123.13468933
17.559999	122.97881317
17.580000	124.07485962
17.600000	126.34967804
17.619999	129.59974670
17.639999	133.75222778
17.660000	138.67292786
17.680000	144.42323303
17.699999	150.87347412
17.719999	158.00891113
17.740000	165.38931274
17.760000	172.35954285
17.779999	177.77107239
17.799999	179.13633728
17.820000	178.52449036
17.840000	179.83566284
17.859999	176.33326721
17.879999	171.86738586
17.900000	167.65136719
17.920000	164.42135620
17.940001	162.35156250
17.959999	161.37438965
17.980000	161.46629333
18.000000	162.25329590
18.020000	163.40882874
18.039999	164.72166443
18.059999	166.22569275
18.080000	167.86465454
18.100000	169.53984070
18.119999	171.04457092
18.139999	172.37107849
18.160000	173.61660767
18.180000	174.83525085
18.199999	175.91540527
18.219999	176.79696655
18.240000	177.43266296
18.260000	177.87533569
18.279999	178.05003357
18.299999	177.98554993
18.320000	177.57516479
18.340000	176.83798218
18.359999	175.62976074
18.379999	173.92704773
18.400000	171.50558472
18.420000	168.14746094
18.440001	163.60021973
18.459999	157.89532471
18.480000	151.34866333
18.500000	144.44943237
18.520000	137.80726624
18.539999	131.92849731
18.559999	127.17330170
18.580000	123.64672852
18.600000	121.45304108
18.619999	120.60478210
18.639999	121.11921692
18.660000	122.89722443
18.680000	125.84387970
18.699999	129.83700562
18.719999	134.83139038
18.740000	140.79470825
18.760000	147.66343689
18.779999	155.15686035
18.799999	162.82235718
18.820000	169.92065430
18.840000	175.42481995
18.859999	178.58572388
18.879999	179.21516418
18.900000	177.50909424
18.920000	173.96156311
18.939999	169.59928894
18.959999	165.57582092
18.980000	162.53645325
19.000000	160.49903870
19.020000	159.45980835
19.039999	159.35168457
19.059999	159.95896912
19.080000	160.95143127
19.100000	162.25077820
19.119999	163.81503296
19.139999	165.54478455
19.160000	167.21171570
19.180000	168.73310852
19.199999	170.17918396
19.219999	171.61698914
19.240000	172.94670105
19.260000	174.10281372
19.279999	175.02299500
19.299999	175.70384216
19.320000	176.07902527
19.340000	176.14546204
19.359999	175.84724426
19.379999	175.19445801
19.400000	174.20454407
19.420000	172.83615112
19.439999	171.01510620
19.459999	168.58628845
19.480000	165.32202148
19.500000	160.95964050
19.520000	155.49449158
19.539999	149.21080017
19.559999	142.64898682
19.580000	136.39108276
19.600000	130.99481201
19.619999	126.81559753
19.639999	123.99845886
19.660000	122.57337189
19.680000	122.44641876
19.699999	123.57341766
19.719999	125.86666107
19.740000	129.19622803
19.760000	133.39363098
19.779999	138.40199280
19.799999	144.23808289
19.820000	150.81050110
19.840000	157.94908142
19.859999	165.27310181
19.879999	172.08361816
19.900000	177.25617981
19.920000	179.18283081
19.939999	178.86766052
19.959999	179.14761353
19.980000	175.79576111
20.000000	171.98568726
20.020000	167.65756226
20.039999	163.42390442
20.059999	160.52671814

