Time	Step_Length_2_4.81 X
0.000000	-0.40492529	
0.020000	-0.33513182	
0.040000	-0.26327252	
0.060000	-0.18746692	
0.080000	-0.10648197	
0.100000	-0.01941115	
0.120000	0.07193351	
0.140000	0.16845429	
0.160000	0.26864618	
0.180000	0.37386304	
0.200000	0.47981662	
0.220000	0.58289719	
0.240000	0.67640710	
0.260000	0.75515866	
0.280000	0.81165457	
0.300000	0.84565449	
0.320000	0.85990959	
0.340000	0.86646104	
0.360000	0.86603725	
0.380000	0.85970539	
0.400000	0.84247410	
0.420000	0.81732500	
0.440000	0.78456318	
0.460000	0.74429959	
0.480000	0.69784391	
0.500000	0.64543372	
0.520000	0.58823586	
0.540000	0.52576029	
0.560000	0.45956385	
0.580000	0.39124572	
0.600000	0.32053566	
0.620000	0.24692810	
0.640000	0.16835707	
0.660000	0.08514661	
0.680000	-0.00387686	
0.700000	-0.09844857	
0.720000	-0.19891894	
0.740000	-0.30390906	
0.760000	-0.40958863	
0.780000	-0.51267439	
0.800000	-0.60641700	
0.820000	-0.68519330	
0.840000	-0.74250996	
0.860000	-0.77622992	
0.880000	-0.78781843	
0.900000	-0.78920919	
0.920000	-0.78474736	
0.940000	-0.77620447	
0.960000	-0.75795680	
0.980000	-0.72994804	
1.000000	-0.69533110	
1.020000	-0.65353870	
1.040000	-0.60645932	
1.060000	-0.55360073	
1.080000	-0.49633068	
1.100000	-0.43539059	
1.120000	-0.37070358	
1.140000	-0.30395645	
1.160000	-0.23418409	
1.180000	-0.16087145	
1.200000	-0.08305311	
1.220000	0.00102699	
1.240000	0.08940172	
1.260000	0.18199170	
1.280000	0.27623445	
1.300000	0.37300855	
1.320000	0.47098917	
1.340000	0.56677711	
1.360000	0.65420747	
1.380000	0.72767377	
1.400000	0.78046954	
1.420000	0.81132424	
1.440000	0.82436991	
1.460000	0.83003908	
1.480000	0.83017498	
1.500000	0.82482636	
1.520000	0.81061965	
1.540000	0.78908795	
1.560000	0.76029050	
1.580000	0.72422266	
1.600000	0.68174458	
1.620000	0.63361090	
1.640000	0.58052170	
1.660000	0.52209693	
1.680000	0.45995480	
1.700000	0.39470601	
1.720000	0.32816529	
1.740000	0.26184797	
1.760000	0.18782151	
1.780000	0.10983521	
1.800000	0.02240825	
1.820000	-0.06646806	
1.840000	-0.16165507	
1.860000	-0.26075858	
1.880000	-0.36239994	
1.900000	-0.46409512	
1.920000	-0.56066030	
1.940000	-0.64717865	
1.960000	-0.71720976	
1.980000	-0.76675111	
2.000000	-0.79427588	
2.020000	-0.80301416	
2.040000	-0.80118656	
2.060000	-0.79209590	
2.080000	-0.77711165	
2.100000	-0.75171691	
2.120000	-0.71881235	
2.140000	-0.67767668	
2.160000	-0.63235867	
2.180000	-0.58147931	
2.200000	-0.52547020	
2.220000	-0.46416837	
2.240000	-0.39863968	
2.260000	-0.33089954	
2.280000	-0.25947809	
2.300000	-0.18451488	
2.320000	-0.10513878	
2.340000	-0.01969886	
2.360000	0.07094532	
2.380000	0.16614187	
2.400000	0.26442903	
2.420000	0.36597639	
2.440000	0.46895689	
2.460000	0.56899345	
2.480000	0.66128802	
2.500000	0.74034065	
2.520000	0.80043161	
2.540000	0.83747345	
2.560000	0.85502988	
2.580000	0.86122924	
2.600000	0.86021554	
2.620000	0.85166150	
2.640000	0.83291507	
2.660000	0.80462337	
2.680000	0.76783711	
2.700000	0.72290957	
2.720000	0.67236823	
2.740000	0.61679274	
2.760000	0.55612409	
2.780000	0.49130994	
2.800000	0.42388678	
2.820000	0.35471654	
2.840000	0.28476137	
2.860000	0.20680803	
2.880000	0.12788332	
2.900000	0.04126704	
2.920000	-0.04667002	
2.940000	-0.14290917	
2.960000	-0.24256814	
2.980000	-0.34531838	
3.000000	-0.44828701	
3.020000	-0.54751265	
3.040000	-0.63657933	
3.060000	-0.70924515	
3.080000	-0.76079905	
3.100000	-0.78995568	
3.120000	-0.79874790	
3.140000	-0.79940063	
3.160000	-0.79368365	
3.180000	-0.78444552	
3.200000	-0.76468086	
3.220000	-0.73627412	
3.240000	-0.70110017	
3.260000	-0.65934825	
3.280000	-0.61299318	
3.300000	-0.56080860	
3.320000	-0.50319761	
3.340000	-0.44049340	
3.360000	-0.37448448	
3.380000	-0.30554444	
3.400000	-0.23368871	
3.420000	-0.15741867	
3.440000	-0.07574260	
3.460000	0.01226568	
3.480000	0.10521930	
3.500000	0.20111370	
3.520000	0.29836094	
3.540000	0.39754850	
3.560000	0.49697769	
3.580000	0.59374231	
3.600000	0.68162900	
3.620000	0.75429857	
3.640000	0.80541205	
3.660000	0.83291358	
3.680000	0.84481609	
3.700000	0.84828192	
3.720000	0.84732050	
3.740000	0.83839363	
3.760000	0.82027626	
3.780000	0.79345316	
3.800000	0.75904423	
3.820000	0.71700990	
3.840000	0.66912329	
3.860000	0.61463696	
3.880000	0.55556893	
3.900000	0.49114472	
3.920000	0.42385852	
3.940000	0.35447162	
3.960000	0.28358608	
3.980000	0.20766413	
4.000000	0.12896156	
4.020000	0.04413331	
4.040000	-0.04410052	
4.060000	-0.13990742	
4.080000	-0.23950213	
4.100000	-0.34223384	
4.120000	-0.44513595	
4.140000	-0.54533124	
4.160000	-0.63642210	
4.180000	-0.71369582	
4.200000	-0.77168840	
4.220000	-0.80871671	
4.240000	-0.82353669	
4.260000	-0.82474738	
4.280000	-0.81786609	
4.300000	-0.80563289	
4.320000	-0.78526491	
4.340000	-0.75579298	
4.360000	-0.72018772	
4.380000	-0.67890590	
4.400000	-0.63300014	
4.420000	-0.58154017	
4.440000	-0.52491933	
4.460000	-0.46383363	
4.480000	-0.40068716	
4.500000	-0.33424121	
4.520000	-0.26458788	
4.540000	-0.19024998	
4.560000	-0.11152959	
4.580000	-0.02694917	
4.600000	0.06212902	
4.620000	0.15470290	
4.640000	0.24902952	
4.660000	0.34528816	
4.680000	0.44218093	
4.700000	0.53682959	
4.720000	0.62467712	
4.740000	0.70042831	
4.760000	0.75897932	
4.780000	0.79734093	
4.800000	0.81596839	
4.820000	0.82159859	
4.840000	0.81896466	
4.860000	0.80992669	
4.880000	0.79209679	
4.900000	0.76606214	
4.920000	0.73364204	
4.940000	0.69417214	
4.960000	0.64850789	
4.980000	0.59639347	
5.000000	0.53885996	
5.020000	0.47623903	
5.040000	0.40959203	
5.060000	0.34105843	
5.080000	0.27217555	
5.100000	0.19810116	
5.120000	0.12370777	
5.140000	0.04225957	
5.160000	-0.04099536	
5.180000	-0.13192153	
5.200000	-0.22551775	
5.220000	-0.32265180	
5.240000	-0.42157120	
5.260000	-0.51950699	
5.280000	-0.61084896	
5.300000	-0.69077981	
5.320000	-0.75230473	
5.340000	-0.79307050	
5.360000	-0.80934912	
5.380000	-0.81163156	
5.400000	-0.80280983	
5.420000	-0.78890413	
5.440000	-0.76466489	
5.460000	-0.73304802	
5.480000	-0.69415730	
5.500000	-0.64990783	
5.520000	-0.59985322	
5.540000	-0.54447782	
5.560000	-0.48456424	
5.580000	-0.42012215	
5.600000	-0.35296726	
5.620000	-0.28226858	
5.640000	-0.20722675	
5.660000	-0.12736046	
5.680000	-0.04463005	
5.700000	0.04830742	
5.720000	0.14338565	
5.740000	0.24588698	
5.760000	0.34516120	
5.780000	0.44804555	
5.800000	0.54605633	
5.820000	0.63625544	
5.840000	0.71123236	
5.860000	0.76735979	
5.880000	0.80156940	
5.900000	0.81698668	
5.920000	0.82245469	
5.940000	0.82093275	
5.960000	0.81350094	
5.980000	0.79561371	
6.000000	0.77071184	
6.020000	0.74132055	
6.040000	0.70528138	
6.060000	0.66269910	
6.080000	0.61262822	
6.100000	0.55863649	
6.120000	0.49878454	
6.140000	0.43513530	
6.160000	0.36788088	
6.180000	0.29816628	
6.200000	0.22380853	
6.220000	0.14435518	
6.240000	0.05947983	
6.260000	-0.03155756	
6.280000	-0.12851858	
6.300000	-0.23223871	
6.320000	-0.33890867	
6.340000	-0.44671136	
6.360000	-0.54912555	
6.380000	-0.64211535	
6.400000	-0.71905679	
6.420000	-0.77580029	
6.440000	-0.80944949	
6.460000	-0.82135022	
6.480000	-0.82231820	
6.500000	-0.81519264	
6.520000	-0.80394191	
6.540000	-0.78183120	
6.560000	-0.75246805	
6.580000	-0.71548468	
6.600000	-0.67223632	
6.620000	-0.62345856	
6.640000	-0.56931752	
6.660000	-0.51005208	
6.680000	-0.44723672	
6.700000	-0.37997752	
6.720000	-0.31112766	
6.740000	-0.23820978	
6.760000	-0.16231835	
6.780000	-0.08000410	
6.800000	0.00948858	
6.820000	0.10465205	
6.840000	0.20345050	
6.860000	0.30523211	
6.880000	0.41010523	
6.900000	0.51393104	
6.920000	0.61160421	
6.940000	0.69756407	
6.960000	0.76867604	
6.980000	0.81853169	
7.000000	0.84619373	
7.020000	0.85655123	
7.040000	0.85807097	
7.060000	0.85147130	
7.080000	0.83542180	
7.100000	0.80940837	
7.120000	0.78072178	
7.140000	0.74618399	
7.160000	0.70584095	
7.180000	0.65584081	
7.200000	0.60154098	
7.220000	0.54230320	
7.240000	0.47959882	
7.260000	0.41309857	
7.280000	0.34458870	
7.300000	0.27426165	
7.320000	0.19779241	
7.340000	0.11847591	
7.360000	0.03348804	
7.380000	-0.05410206	
7.400000	-0.14861894	
7.420000	-0.24697787	
7.440000	-0.34763598	
7.460000	-0.44822431	
7.480000	-0.54584163	
7.500000	-0.63631773	
7.520000	-0.71270341	
7.540000	-0.77031827	
7.560000	-0.80571598	
7.580000	-0.81964082	
7.600000	-0.82083088	
7.620000	-0.81193781	
7.640000	-0.79846537	
7.660000	-0.77531958	
7.680000	-0.74548584	
7.700000	-0.70758039	
7.720000	-0.66411775	
7.740000	-0.61475646	
7.760000	-0.55974430	
7.780000	-0.49956089	
7.800000	-0.43517613	
7.820000	-0.36841291	
7.840000	-0.29863852	
7.860000	-0.22536039	
7.880000	-0.14777946	
7.900000	-0.06606579	
7.920000	0.02249169	
7.940000	0.11590731	
7.960000	0.21496868	
7.980000	0.31603938	
8.000000	0.42016745	
8.020000	0.52292693	
8.040000	0.62041461	
8.059999	0.70596939	
8.080000	0.77320904	
8.099999	0.81754577	
8.120000	0.83783853	
8.139999	0.84380656	
8.160000	0.84244508	
8.179999	0.83550078	
8.200000	0.81920135	
8.220000	0.79272383	
8.240000	0.75939417	
8.260000	0.71931630	
8.280000	0.67291582	
8.300000	0.62195349	
8.320000	0.56591940	
8.340000	0.50595695	
8.360000	0.44070399	
8.380000	0.37361354	
8.400000	0.30406338	
8.420000	0.23271942	
8.440000	0.15793300	
8.460000	0.07782829	
8.480000	-0.00787711	
8.500000	-0.09873474	
8.520000	-0.19357556	
8.540000	-0.29120100	
8.559999	-0.39073467	
8.580000	-0.48887318	
8.599999	-0.58137679	
8.620000	-0.66283256	
8.639999	-0.72730213	
8.660000	-0.77195042	
8.679999	-0.79539454	
8.700000	-0.80235338	
8.720000	-0.79900384	
8.740000	-0.78786981	
8.760000	-0.77008885	
8.780000	-0.74301773	
8.800000	-0.70937240	
8.820000	-0.66814363	
8.840000	-0.62234128	
8.860000	-0.57135737	
8.880000	-0.51636171	
8.900000	-0.45617235	
8.920000	-0.39293969	
8.940000	-0.32605165	
8.960000	-0.25808913	
8.980000	-0.18658710	
9.000000	-0.11128807	
9.020000	-0.03278780	
9.040000	0.05408835	
9.059999	0.14463103	
9.080000	0.24233705	
9.099999	0.33943045	
9.120000	0.43896627	
9.139999	0.53610486	
9.160000	0.62735230	
9.179999	0.70670938	
9.200000	0.76906371	
9.220000	0.81100696	
9.240000	0.83169746	
9.260000	0.83907557	
9.280000	0.83587211	
9.300000	0.82423705	
9.320000	0.80186641	
9.340000	0.77542305	
9.360000	0.74319571	
9.380000	0.70556015	
9.400000	0.65882087	
9.420000	0.60653794	
9.440000	0.54894024	
9.460000	0.48620051	
9.480000	0.42040533	
9.500000	0.35150629	
9.520000	0.28070843	
9.540000	0.20629597	
9.559999	0.12834430	
9.580000	0.04534531	
9.599999	-0.04221225	
9.620000	-0.13543665	
9.639999	-0.23379374	
9.660000	-0.33654433	
9.679999	-0.44096166	
9.700000	-0.54253590	
9.719999	-0.63652664	
9.740000	-0.71625191	
9.760000	-0.77746302	
9.780000	-0.81686020	
9.800000	-0.83345389	
9.820000	-0.83591032	
9.840000	-0.82781690	
9.860000	-0.81432015	
9.880000	-0.79112160	
9.900000	-0.75999254	
9.920000	-0.72164637	
9.940000	-0.67734456	
9.960000	-0.62857801	
9.980000	-0.57375038	
10.000000	-0.51508552	
10.020000	-0.45159483	
10.040000	-0.38619143	
10.059999	-0.31728595	
10.080000	-0.24538887	
10.099999	-0.16988224	
10.120000	-0.09030724	
10.139999	-0.00496709	
10.160000	0.08508468	
10.179999	0.18031597	
10.200000	0.27947891	
10.219999	0.38237232	
10.240000	0.48536265	
10.260000	0.58382285	
10.280000	0.67334390	
10.300000	0.74906218	
10.320000	0.80403954	
10.340000	0.83490342	
10.360000	0.84608215	
10.380000	0.84826195	
10.400000	0.84441948	
10.420000	0.83265573	
10.440000	0.80930889	
10.460000	0.77986878	
10.480000	0.74472183	
10.500000	0.70337027	
10.520000	0.65563464	
10.540000	0.60222352	
10.559999	0.54470330	
10.580000	0.48188233	
10.599999	0.41577196	
10.620000	0.34812409	
10.639999	0.27877581	
10.660000	0.20664251	
10.679999	0.13035536	
10.700000	0.04771423	
10.719999	-0.04138041	
10.740000	-0.13620633	
10.760000	-0.23502988	
10.780000	-0.33627731	
10.800000	-0.43804985	
10.820000	-0.53639561	
10.840000	-0.62542242	
10.860000	-0.69992399	
10.880000	-0.75451040	
10.900000	-0.78698945	
10.920000	-0.79860693	
10.940000	-0.79847997	
10.960000	-0.79025739	
10.980000	-0.77623862	
11.000000	-0.75224602	
11.020000	-0.72108907	
11.040000	-0.68264413	
11.059999	-0.63929093	
11.080000	-0.59048766	
11.099999	-0.53706318	
11.120000	-0.47851342	
11.139999	-0.41551220	
11.160000	-0.35044235	
11.179999	-0.28285146	
11.200000	-0.21284401	
11.219999	-0.13947558	
11.240000	-0.06207705	
11.259999	0.02070117	
11.280000	0.10871518	
11.300000	0.20118064	
11.320000	0.29622221	
11.340000	0.39374906	
11.360000	0.49036634	
11.380000	0.58371103	
11.400000	0.66821063	
11.420000	0.73896444	
11.440000	0.78768641	
11.460000	0.81336457	
11.480000	0.82259542	
11.500000	0.82218593	
11.520000	0.81344163	
11.540000	0.79540449	
11.559999	0.76917481	
11.580000	0.73868662	
11.599999	0.70170414	
11.620000	0.65704864	
11.639999	0.60651672	
11.660000	0.54902440	
11.679999	0.48833191	
11.700000	0.42341071	
11.719999	0.35635734	
11.740000	0.28485692	
11.759999	0.20826125	
11.780000	0.12975550	
11.800000	0.04651272	
11.820000	-0.04233897	
11.840000	-0.13924217	
11.860000	-0.24076223	
11.880000	-0.34611982	
11.900000	-0.45339239	
11.920000	-0.55880880	
11.940000	-0.65731382	
11.960000	-0.74284172	
11.980000	-0.81029254	
12.000000	-0.85491621	
12.020000	-0.87576532	
12.040000	-0.87958246	
12.059999	-0.87446463	
12.080000	-0.86182314	
12.099999	-0.84154022	
12.120000	-0.81175512	
12.139999	-0.77544385	
12.160000	-0.73215902	
12.179999	-0.68294877	
12.200000	-0.62860262	
12.219999	-0.56939000	
12.240000	-0.50577867	
12.259999	-0.43984425	
12.280000	-0.37130988	
12.300000	-0.30009300	
12.320000	-0.22438622	
12.340000	-0.14379066	
12.360000	-0.05926585	
12.380000	0.03140628	
12.400000	0.12675470	
12.420000	0.22641629	
12.440000	0.32768863	
12.460000	0.42997789	
12.480000	0.53126335	
12.500000	0.62565714	
12.520000	0.70722705	
12.540000	0.76919270	
12.559999	0.80795157	
12.580000	0.82451117	
12.599999	0.83101141	
12.620000	0.83130491	
12.639999	0.82660067	
12.660000	0.81123483	
12.679999	0.78658074	
12.700000	0.75626099	
12.719999	0.72009563	
12.740000	0.67802459	
12.759999	0.62851924	
12.780000	0.57191002	
12.799999	0.51068062	
12.820000	0.44527256	
12.840000	0.37725204	
12.860000	0.30642033	
12.880000	0.23256087	
12.900000	0.15467417	
12.920000	0.07077873	
12.940000	-0.01933372	
12.960000	-0.11468714	
12.980000	-0.21463090	
13.000000	-0.31817585	
13.020000	-0.42423713	
13.040000	-0.52843934	
13.059999	-0.62627047	
13.080000	-0.71146894	
13.099999	-0.77809453	
13.120000	-0.82143444	
13.139999	-0.84069705	
13.160000	-0.84552950	
13.179999	-0.84182113	
13.200000	-0.83310133	
13.219999	-0.81522685	
13.240000	-0.78888488	
13.259999	-0.75491494	
13.280000	-0.71349108	
13.299999	-0.66464126	
13.320000	-0.60990149	
13.340000	-0.55194920	
13.360000	-0.49124104	
13.380000	-0.42796540	
13.400000	-0.36174083	
13.420000	-0.29249763	
13.440000	-0.22075337	
13.460000	-0.14437759	
13.480000	-0.06355429	
13.500000	0.02514887	
13.520000	0.11931926	
13.540000	0.21767205	
13.559999	0.31886667	
13.580000	0.42202502	
13.599999	0.52628422	
13.620000	0.62420905	
13.639999	0.71107352	
13.660000	0.77741134	
13.679999	0.81965661	
13.700000	0.83770579	
13.719999	0.84541738	
13.740000	0.84614581	
13.759999	0.84232807	
13.780000	0.82629269	
13.799999	0.80102301	
13.820000	0.77143037	
13.840000	0.73688316	
13.860000	0.69622159	
13.880000	0.64693385	
13.900000	0.59156299	
13.920000	0.53147113	
13.940000	0.46730036	
13.960000	0.39986199	
13.980000	0.32951874	
14.000000	0.25560486	
14.020000	0.17793882	
14.040000	0.09420240	
14.059999	0.00447845	
14.080000	-0.09160256	
14.099999	-0.19237602	
14.120000	-0.29750001	
14.139999	-0.40465236	
14.160000	-0.50967008	
14.179999	-0.60642856	
14.200000	-0.68836242	
14.219999	-0.75053787	
14.240000	-0.79156703	
14.259999	-0.80989951	
14.280000	-0.81373113	
14.299999	-0.80765897	
14.320000	-0.79774386	
14.340000	-0.77896309	
14.360000	-0.75167716	
14.380000	-0.71755755	
14.400000	-0.67830157	
14.420000	-0.63409483	
14.440000	-0.58396482	
14.460000	-0.52802324	
14.480000	-0.46763408	
14.500000	-0.40359950	
14.520000	-0.33741683	
14.540000	-0.26817042	
14.559999	-0.19514585	
14.580000	-0.11769557	
14.599999	-0.03768396	
14.620000	0.05064762	
14.639999	0.14313352	
14.660000	0.24138325	
14.679999	0.33847213	
14.700000	0.43706840	
14.719999	0.53418618	
14.740000	0.62599158	
14.759999	0.70620394	
14.780000	0.76912975	
14.799999	0.81022221	
14.820000	0.82912272	
14.839999	0.83649784	
14.860000	0.83419287	
14.880000	0.82387120	
14.900000	0.80241334	
14.920000	0.77588826	
14.940000	0.74741167	
14.960000	0.71257722	
14.980000	0.66941136	
15.000000	0.61883801	
15.020000	0.56286436	
15.040000	0.50280738	
15.059999	0.44059235	
15.080000	0.37631142	
15.099999	0.31048042	
15.120000	0.23859000	
15.139999	0.16428363	
15.160000	0.08222723	
15.179999	-0.00328553	
15.200000	-0.09574950	
15.219999	-0.19048476	
15.240000	-0.28899300	
15.259999	-0.38725221	
15.280000	-0.48408532	
15.299999	-0.57605284	
15.320000	-0.65951878	
15.339999	-0.72809887	
15.360000	-0.77655947	
15.380000	-0.80366325	
15.400000	-0.81307667	
15.420000	-0.81067777	
15.440000	-0.79926705	
15.460000	-0.78113997	
15.480000	-0.75751007	
15.500000	-0.72837406	
15.520000	-0.69359988	
15.540000	-0.65087849	
15.559999	-0.60338223	
15.580000	-0.54906398	
15.599999	-0.48772043	
15.620000	-0.42327017	
15.639999	-0.35405558	
15.660000	-0.28414893	
15.679999	-0.20744979	
15.700000	-0.12786698	
15.719999	-0.04447663	
15.740000	0.04825377	
15.759999	0.14693916	
15.780000	0.25354564	
15.799999	0.36091614	
15.820000	0.46895397	
15.839999	0.57355922	
15.860000	0.66823089	
15.880000	0.74719030	
15.900000	0.80290550	
15.920000	0.83290112	
15.940000	0.84410703	
15.960000	0.84577620	
15.980000	0.83634174	
16.000000	0.81839514	
16.020000	0.79143941	
16.039999	0.76482564	
16.059999	0.73022950	
16.080000	0.68721026	
16.100000	0.63339704	
16.119999	0.57426441	
16.139999	0.50978595	
16.160000	0.44304228	
16.180000	0.37216145	
16.199999	0.29851407	
16.219999	0.22053272	
16.240000	0.13912606	
16.260000	0.05219173	
16.279999	-0.04087615	
16.299999	-0.14146221	
16.320000	-0.24589169	
16.340000	-0.35397065	
16.359999	-0.46106291	
16.379999	-0.56452036	
16.400000	-0.65726167	
16.420000	-0.73197192	
16.440001	-0.78418493	
16.459999	-0.81247103	
16.480000	-0.81909180	
16.500000	-0.81589413	
16.520000	-0.80853689	
16.539999	-0.79735214	
16.559999	-0.77801746	
16.580000	-0.74930477	
16.600000	-0.71462721	
16.619999	-0.67219818	
16.639999	-0.62446535	
16.660000	-0.57070029	
16.680000	-0.51290846	
16.699999	-0.44975036	
16.719999	-0.38357908	
16.740000	-0.31380087	
16.760000	-0.24071711	
16.779999	-0.16203177	
16.799999	-0.07925022	
16.820000	0.01051188	
16.840000	0.10434204	
16.859999	0.20402914	
16.879999	0.30655921	
16.900000	0.41205186	
16.920000	0.51615548	
16.940001	0.61273396	
16.959999	0.69579548	
16.980000	0.76038873	
17.000000	0.80225194	
17.020000	0.82352597	
17.039999	0.83146769	
17.059999	0.83163679	
17.080000	0.82467383	
17.100000	0.80730438	
17.119999	0.78201860	
17.139999	0.74950063	
17.160000	0.70976388	
17.180000	0.66310245	
17.199999	0.61099178	
17.219999	0.55424678	
17.240000	0.49369162	
17.260000	0.42991167	
17.279999	0.36335915	
17.299999	0.29377586	
17.320000	0.22061580	
17.340000	0.14484835	
17.359999	0.06271398	
17.379999	-0.02491605	
17.400000	-0.11811191	
17.420000	-0.21447229	
17.440001	-0.31299400	
17.459999	-0.41176683	
17.480000	-0.50624657	
17.500000	-0.59214568	
17.520000	-0.66479266	
17.539999	-0.72081548	
17.559999	-0.75765187	
17.580000	-0.77417833	
17.600000	-0.77643436	
17.619999	-0.77202964	
17.639999	-0.76244140	
17.660000	-0.74660963	
17.680000	-0.72134310	
17.699999	-0.69037908	
17.719999	-0.65189183	
17.740000	-0.60747325	
17.760000	-0.55840933	
17.779999	-0.50483680	
17.799999	-0.44765425	
17.820000	-0.38551831	
17.840000	-0.32067430	
17.859999	-0.25264502	
17.879999	-0.18033922	
17.900000	-0.10391462	
17.920000	-0.02016878	
17.940001	0.06825340	
17.959999	0.16197968	
17.980000	0.25871527	
18.000000	0.35912633	
18.020000	0.46136981	
18.039999	0.56038433	
18.059999	0.65233231	
18.080000	0.73037058	
18.100000	0.78981668	
18.119999	0.82566386	
18.139999	0.84176290	
18.160000	0.84545106	
18.180000	0.83573735	
18.199999	0.81662834	
18.219999	0.78818434	
18.240000	0.76009840	
18.260000	0.73210609	
18.279999	0.69661385	
18.299999	0.65391374	
18.320000	0.60013551	
18.340000	0.54173225	
18.359999	0.47820336	
18.379999	0.41179466	
18.400000	0.34413141	
18.420000	0.27407980	
18.440001	0.19817579	
18.459999	0.11889613	
18.480000	0.03331375	
18.500000	-0.05402684	
18.520000	-0.14927518	
18.539999	-0.24816793	
18.559999	-0.35131627	
18.580000	-0.45243460	
18.600000	-0.55070537	
18.619999	-0.63847274	
18.639999	-0.71282798	
18.660000	-0.76691103	
18.680000	-0.79885191	
18.699999	-0.81093901	
18.719999	-0.81094539	
18.740000	-0.80209988	
18.760000	-0.78564519	
18.779999	-0.76140219	
18.799999	-0.73418915	
18.820000	-0.70192641	
18.840000	-0.66325206	
18.859999	-0.61696470	
18.879999	-0.56524271	
18.900000	-0.50844687	
18.920000	-0.44688594	
18.939999	-0.38220674	
18.959999	-0.31472468	
18.980000	-0.24452293	
19.000000	-0.17003977	
19.020000	-0.09099996	
19.039999	-0.00595510	
19.059999	0.08371830	
19.080000	0.17804837	
19.100000	0.27552146	
19.119999	0.37646425	
19.139999	0.47901583	
19.160000	0.57899410	
19.180000	0.67211634	
19.199999	0.75246054	
19.219999	0.81386417	
19.240000	0.85094637	
19.260000	0.86568522	
19.279999	0.86229366	
19.299999	0.84753382	
19.320000	0.82586426	
19.340000	0.80161446	
19.359999	0.77695060	
19.379999	0.75227839	
19.400000	0.71950823	
19.420000	0.67753869	
19.439999	0.62331098	
19.459999	0.56314099	
19.480000	0.49813682	
19.500000	0.42882979	
19.520000	0.35815042	
19.539999	0.28554273	
19.559999	0.20849466	
19.580000	0.12872815	
19.600000	0.04113853	
19.619999	-0.04922438	
19.639999	-0.14791691	
19.660000	-0.25039923	
19.680000	-0.35638142	
19.699999	-0.46039033	
19.719999	-0.56002086	
19.740000	-0.64973456	
19.760000	-0.72584891	
19.779999	-0.78152192	
19.799999	-0.81554216	
19.820000	-0.82844555	
19.840000	-0.82872838	
19.859999	-0.81968296	
19.879999	-0.80479091	
19.900000	-0.78151703	
19.920000	-0.75477016	
19.939999	-0.72118241	
19.959999	-0.68057984	
19.980000	-0.63147807	
20.000000	-0.57856965	
20.020000	-0.52187824	
20.039999	-0.46103108	
20.059999	-0.39679211	
