Time	Step_Length_1_4.84 X
0.000000	-0.73619783
0.020000	-0.69853914
0.040000	-0.65723515
0.060000	-0.61012506
0.080000	-0.55881435
0.100000	-0.50245488
0.120000	-0.44189081
0.140000	-0.37749481
0.160000	-0.30949184
0.180000	-0.23796546
0.200000	-0.16228478
0.220000	-0.08191702
0.240000	0.00331706
0.260000	0.09309645
0.280000	0.18717912
0.300000	0.28438881
0.320000	0.38273060
0.340000	0.47908041
0.360000	0.56958425
0.380000	0.64945567
0.400000	0.71404010
0.420000	0.76127821
0.440000	0.79099500
0.460000	0.80473924
0.480000	0.80455345
0.500000	0.79341346
0.520000	0.77274030
0.540000	0.74347556
0.560000	0.70576739
0.580000	0.66065109
0.600000	0.60880697
0.620000	0.55115914
0.640000	0.48878518
0.660000	0.42272305
0.680000	0.35333234
0.700000	0.28076121
0.720000	0.20493318
0.740000	0.12538940
0.760000	0.04181278
0.780000	-0.04592302
0.800000	-0.13749559
0.820000	-0.23216394
0.840000	-0.32833624
0.860000	-0.42333901
0.880000	-0.51330310
0.900000	-0.59368539
0.920000	-0.65967584
0.940000	-0.70852315
0.960000	-0.73953551
0.980000	-0.75438672
1.000000	-0.75525290
1.020000	-0.74541140
1.040000	-0.72647548
1.060000	-0.69983369
1.080000	-0.66537756
1.100000	-0.62398130
1.120000	-0.57585436
1.140000	-0.52209550
1.160000	-0.46319672
1.180000	-0.40017653
1.200000	-0.33331555
1.220000	-0.26307827
1.240000	-0.18982774
1.260000	-0.11232798
1.280000	-0.03015050
1.300000	0.05748177
1.320000	0.14958496
1.340000	0.24620272
1.360000	0.34493548
1.380000	0.44306636
1.400000	0.53584588
1.420000	0.61913234
1.440000	0.68775910
1.460000	0.73874700
1.480000	0.77148384
1.500000	0.78753465
1.520000	0.78930390
1.540000	0.77945566
1.560000	0.76006383
1.580000	0.73169029
1.600000	0.69467264
1.620000	0.64943278
1.640000	0.59735614
1.660000	0.53930479
1.680000	0.47674870
1.700000	0.41052312
1.720000	0.34122968
1.740000	0.26865479
1.760000	0.19260618
1.780000	0.11258072
1.800000	0.02832191
1.820000	-0.06035328
1.840000	-0.15283325
1.860000	-0.24852468
1.880000	-0.34548444
1.900000	-0.44099736
1.920000	-0.53105611
1.940000	-0.61156744
1.960000	-0.67789674
1.980000	-0.72716624
2.000000	-0.75893700
2.020000	-0.77449477
2.040000	-0.77610493
2.060000	-0.76650351
2.080000	-0.74815607
2.100000	-0.72189766
2.120000	-0.68813086
2.140000	-0.64719915
2.160000	-0.59989238
2.180000	-0.54658544
2.200000	-0.48808876
2.220000	-0.42505687
2.240000	-0.35804036
2.260000	-0.28720203
2.280000	-0.21274354
2.300000	-0.13441053
2.320000	-0.05182225
2.340000	0.03549950
2.360000	0.12764001
2.380000	0.22409686
2.400000	0.32307982
2.420000	0.42164090
2.440000	0.51539850
2.460000	0.59950417
2.480000	0.66908461
2.500000	0.72156286
2.520000	0.75615734
2.540000	0.77460182
2.560000	0.77883559
2.580000	0.77182901
2.600000	0.75536537
2.620000	0.73078835
2.640000	0.69795972
2.660000	0.65748066
2.680000	0.60980392
2.700000	0.55583525
2.720000	0.49654257
2.740000	0.43299854
2.760000	0.36615363
2.780000	0.29620636
2.800000	0.22286560
2.820000	0.14556123
2.840000	0.06390183
2.860000	-0.02237794
2.880000	-0.11316244
2.900000	-0.20787297
2.920000	-0.30505657
2.940000	-0.40242684
2.960000	-0.49659213
2.980000	-0.58291513
3.000000	-0.65584677
3.020000	-0.71160364
3.040000	-0.74853820
3.060000	-0.76774293
3.080000	-0.77140319
3.100000	-0.76306510
3.120000	-0.74543393
3.140000	-0.72009718
3.160000	-0.68723798
3.180000	-0.64726859
3.200000	-0.60062587
3.220000	-0.54823029
3.240000	-0.49083760
3.260000	-0.42938304
3.280000	-0.36438957
3.300000	-0.29622573
3.320000	-0.22456877
3.340000	-0.14896247
3.360000	-0.06887615
3.380000	0.01593781
3.400000	0.10549943
3.420000	0.19936433
3.440000	0.29648989
3.460000	0.39490277
3.480000	0.49136791
3.500000	0.58134520
3.520000	0.65976417
3.540000	0.72207707
3.560000	0.76645070
3.580000	0.79275876
3.600000	0.80305946
3.620000	0.79963440
3.640000	0.78553057
3.660000	0.76205719
3.680000	0.72984570
3.700000	0.68910897
3.720000	0.64086711
3.740000	0.58598125
3.760000	0.52525270
3.780000	0.45976600
3.800000	0.39006451
3.820000	0.31653419
3.840000	0.23904052
3.860000	0.15756881
3.880000	0.07169797
3.900000	-0.01879603
3.920000	-0.11394817
3.940000	-0.21309116
3.960000	-0.31467888
3.980000	-0.41578388
4.000000	-0.51186186
4.020000	-0.59734094
4.040000	-0.66677755
4.060000	-0.71742636
4.080000	-0.74882525
4.100000	-0.76326990
4.120000	-0.76368982
4.140000	-0.75373739
4.160000	-0.73517501
4.180000	-0.70893067
4.200000	-0.67493886
4.220000	-0.63386881
4.240000	-0.58629769
4.260000	-0.53316659
4.280000	-0.47544304
4.300000	-0.41383764
4.320000	-0.34909040
4.340000	-0.28141800
4.360000	-0.21086666
4.380000	-0.13674484
4.400000	-0.05856079
4.420000	0.02418672
4.440000	0.11135060
4.460000	0.20274480
4.480000	0.29729331
4.500000	0.39297014
4.520000	0.48638272
4.540000	0.57334703
4.560000	0.64890009
4.580000	0.70879209
4.600000	0.75127661
4.620000	0.77688706
4.640000	0.78751493
4.660000	0.78541589
4.680000	0.77324188
4.700000	0.75234902
4.720000	0.72326791
4.740000	0.68601990
4.760000	0.64138460
4.780000	0.58994234
4.800000	0.53255856
4.820000	0.47010559
4.840000	0.40346164
4.860000	0.33271635
4.880000	0.25776637
4.900000	0.17838228
4.920000	0.09440815
4.940000	0.00562502
4.960000	-0.08766213
4.980000	-0.18490449
5.000000	-0.28497496
5.020000	-0.38585579
5.040000	-0.48393258
5.060000	-0.57449806
5.080000	-0.65205473
5.100000	-0.71226931
5.120000	-0.75320780
5.140000	-0.77554655
5.160000	-0.78147268
5.180000	-0.77369714
5.200000	-0.75517493
5.220000	-0.72749978
5.240000	-0.69148159
5.260000	-0.64761007
5.280000	-0.59714907
5.300000	-0.54091287
5.320000	-0.48006341
5.340000	-0.41541278
5.360000	-0.34778148
5.380000	-0.27725461
5.400000	-0.20403646
5.420000	-0.12750687
5.440000	-0.04694237
5.460000	0.03873774
5.480000	0.12939145
5.500000	0.22439554
5.520000	0.32179749
5.540000	0.41854575
5.560000	0.51028198
5.580000	0.59239715
5.600000	0.66038680
5.620000	0.71184707
5.640000	0.74638832
5.660000	0.76543999
5.680000	0.77085066
5.700000	0.76512468
5.720000	0.75023371
5.740000	0.72690052
5.760000	0.69520748
5.780000	0.65558946
5.800000	0.60900021
5.820000	0.55598247
5.840000	0.49738580
5.860000	0.43382367
5.880000	0.36610931
5.900000	0.29444045
5.920000	0.21902114
5.940000	0.13946967
5.960000	0.05578069
5.980000	-0.03219759
6.000000	-0.12407720
6.020000	-0.21961966
6.040000	-0.31727129
6.060000	-0.41466564
6.080000	-0.50804484
6.100000	-0.59317827
6.120000	-0.66517973
6.140000	-0.72035080
6.160000	-0.75738281
6.180000	-0.77725250
6.200000	-0.78249806
6.220000	-0.77577454
6.240000	-0.75989598
6.260000	-0.73609257
6.280000	-0.70502669
6.300000	-0.66652769
6.320000	-0.62140340
6.340000	-0.57003331
6.360000	-0.51339519
6.380000	-0.45199504
6.400000	-0.38678244
6.420000	-0.31820542
6.440000	-0.24654171
6.460000	-0.17166634
6.480000	-0.09323539
6.500000	-0.01047692
6.520000	0.07701153
6.540000	0.16927700
6.560000	0.26542470
6.580000	0.36350185
6.600000	0.45979863
6.620000	0.54973286
6.640000	0.62814736
6.660000	0.69072902
6.680000	0.73563302
6.700000	0.76301509
6.720000	0.77472448
6.740000	0.77299190
6.760000	0.76091516
6.780000	0.73998970
6.800000	0.71112096
6.820000	0.67399728
6.840000	0.62959069
6.860000	0.57807142
6.880000	0.52041548
6.900000	0.45720834
6.920000	0.39007965
6.940000	0.31879532
6.960000	0.24412788
6.980000	0.16488487
7.000000	0.08162117
7.020000	-0.00651123
7.040000	-0.09878138
7.060000	-0.19491509
7.080000	-0.29291940
7.100000	-0.39069483
7.120000	-0.48526877
7.140000	-0.57239819
7.160000	-0.64781976
7.180000	-0.70699513
7.200000	-0.74895465
7.220000	-0.77298069
7.240000	-0.78125012
7.260000	-0.77582210
7.280000	-0.76040304
7.300000	-0.73631525
7.320000	-0.70458442
7.340000	-0.66523761
7.360000	-0.61920297
7.380000	-0.56716096
7.400000	-0.50993276
7.420000	-0.44841149
7.440000	-0.38327771
7.460000	-0.31502777
7.480000	-0.24346343
7.500000	-0.16815111
7.520000	-0.08852316
7.540000	-0.00425525
7.560000	0.08484100
7.580000	0.17835966
7.600000	0.27504665
7.620000	0.37256739
7.640000	0.46765622
7.660000	0.55620539
7.680000	0.63340878
7.700000	0.69537300
7.720000	0.73998666
7.740000	0.76804459
7.760000	0.78131914
7.780000	0.78253841
7.800000	0.77384382
7.820000	0.75687981
7.840000	0.73198777
7.860000	0.69940746
7.880000	0.65896583
7.900000	0.61112428
7.920000	0.55633372
7.940000	0.49562174
7.960000	0.42949307
7.980000	0.35917723
8.000000	0.28514168
8.020000	0.20761606
8.040000	0.12563746
8.059999	0.03930826
8.080000	-0.05132981
8.099999	-0.14594805
8.120000	-0.24365808
8.139999	-0.34260839
8.160000	-0.44011304
8.179999	-0.53273571
8.200000	-0.61597997
8.220000	-0.68506151
8.240000	-0.73680353
8.260000	-0.77037323
8.280000	-0.78718221
8.300000	-0.78914899
8.320000	-0.77925539
8.340000	-0.75949091
8.360000	-0.73174059
8.380000	-0.69609886
8.400000	-0.65357840
8.420000	-0.60471725
8.440000	-0.55066812
8.460000	-0.49178955
8.480000	-0.42890787
8.500000	-0.36234438
8.520000	-0.29246101
8.540000	-0.21931446
8.559999	-0.14237382
8.580000	-0.06118493
8.599999	0.02441104
8.620000	0.11403957
8.639999	0.20754400
8.660000	0.30376983
8.679999	0.40070102
8.700000	0.49496159
8.720000	0.58274281
8.740000	0.65902930
8.760000	0.71957499
8.780000	0.76260871
8.800000	0.78868699
8.820000	0.79985148
8.840000	0.79860145
8.860000	0.78747272
8.880000	0.76757073
8.900000	0.73928452
8.920000	0.70263666
8.940000	0.65841353
8.960000	0.60744441
8.980000	0.55102181
9.000000	0.49006248
9.020000	0.42521265
9.040000	0.35673308
9.059999	0.28483975
9.080000	0.20922387
9.099999	0.12959361
9.120000	0.04608180
9.139999	-0.04114084
9.160000	-0.13170175
9.179999	-0.22517310
9.200000	-0.31999299
9.220000	-0.41408980
9.240000	-0.50409067
9.260000	-0.58626848
9.280000	-0.65582854
9.300000	-0.70912218
9.320000	-0.74452627
9.340000	-0.76269263
9.360000	-0.76559711
9.380000	-0.75606251
9.400000	-0.73686129
9.420000	-0.70981807
9.440000	-0.67567980
9.460000	-0.63468784
9.480000	-0.58742303
9.500000	-0.53456831
9.520000	-0.47698441
9.540000	-0.41538364
9.559999	-0.35035288
9.580000	-0.28222239
9.599999	-0.21100050
9.620000	-0.13621674
9.639999	-0.05741602
9.660000	0.02585772
9.679999	0.11369729
9.700000	0.20583758
9.719999	0.30116665
9.740000	0.39782289
9.760000	0.49259314
9.780000	0.58125454
9.800000	0.65918642
9.820000	0.72230452
9.840000	0.76829737
9.860000	0.79695958
9.880000	0.80993873
9.900000	0.80959326
9.920000	0.79844654
9.940000	0.77792609
9.960000	0.74882209
9.980000	0.71137214
10.000000	0.66622806
10.020000	0.61410248
10.040000	0.55601174
10.059999	0.49298176
10.080000	0.42591116
10.099999	0.35535890
10.120000	0.28154039
10.139999	0.20414886
10.160000	0.12272215
10.179999	0.03690122
10.200000	-0.05342050
10.219999	-0.14793125
10.240000	-0.24576251
10.260000	-0.34509951
10.280000	-0.44326457
10.300000	-0.53638244
10.320000	-0.61988002
10.340000	-0.68870926
10.360000	-0.73985225
10.380000	-0.77227092
10.400000	-0.78763592
10.420000	-0.78821778
10.440000	-0.77722830
10.460000	-0.75679719
10.480000	-0.72839642
10.500000	-0.69229668
10.520000	-0.64920378
10.540000	-0.59964091
10.559999	-0.54439485
10.580000	-0.48426679
10.599999	-0.42004588
10.620000	-0.35224468
10.639999	-0.28102702
10.660000	-0.20650834
10.679999	-0.12732735
10.700000	-0.04346560
10.719999	0.04554975
10.740000	0.13858138
10.760000	0.23539634
10.780000	0.33367029
10.800000	0.43115711
10.820000	0.52404290
10.840000	0.60861093
10.860000	0.68011767
10.880000	0.73515975
10.900000	0.77324814
10.920000	0.79545248
10.940000	0.80424917
10.960000	0.80182546
10.980000	0.79049248
11.000000	0.77103865
11.020000	0.74355716
11.040000	0.70808899
11.059999	0.66535318
11.080000	0.61598557
11.099999	0.56067353
11.120000	0.50056517
11.139999	0.43664911
11.160000	0.36921978
11.179999	0.29833364
11.200000	0.22417381
11.219999	0.14676851
11.240000	0.06560664
11.259999	-0.01954421
11.280000	-0.10882136
11.300000	-0.20192644
11.320000	-0.29821569
11.340000	-0.39560711
11.360000	-0.49072659
11.380000	-0.57904345
11.400000	-0.65566224
11.420000	-0.71614254
11.440000	-0.75857961
11.460000	-0.78294295
11.480000	-0.79138696
11.500000	-0.78671324
11.520000	-0.77223438
11.540000	-0.74952197
11.559999	-0.71952665
11.580000	-0.68225962
11.599999	-0.63843822
11.620000	-0.58837438
11.639999	-0.53292412
11.660000	-0.47280979
11.679999	-0.40897617
11.700000	-0.34191442
11.719999	-0.27187833
11.740000	-0.19864856
11.759999	-0.12183827
11.780000	-0.04100585
11.800000	0.04386172
11.820000	0.13247022
11.840000	0.22385208
11.860000	0.31664914
11.880000	0.40839145
11.900000	0.49611264
11.920000	0.57613665
11.940000	0.64491773
11.960000	0.69914937
11.980000	0.73787570
12.000000	0.76138979
12.020000	0.77151126
12.040000	0.77023053
12.059999	0.75986123
12.080000	0.74159950
12.099999	0.71563768
12.120000	0.68213975
12.139999	0.64143121
12.160000	0.59413552
12.179999	0.54077303
12.200000	0.48252165
12.219999	0.42010731
12.240000	0.35420597
12.259999	0.28495094
12.280000	0.21238822
12.300000	0.13621673
12.320000	0.05623066
12.340000	-0.02788195
12.360000	-0.11596143
12.380000	-0.20767319
12.400000	-0.30158961
12.420000	-0.39606562
12.440000	-0.48808444
12.460000	-0.57382321
12.480000	-0.64816231
12.500000	-0.70670152
12.520000	-0.74765646
12.540000	-0.77107221
12.559999	-0.77905715
12.580000	-0.77426445
12.599999	-0.76022482
12.620000	-0.73833537
12.639999	-0.70924419
12.660000	-0.67273307
12.679999	-0.62957984
12.700000	-0.58018333
12.719999	-0.52536428
12.740000	-0.46614969
12.759999	-0.40344465
12.780000	-0.33777156
12.799999	-0.26918590
12.820000	-0.19740424
12.840000	-0.12181751
12.860000	-0.04169318
12.880000	0.04319024
12.900000	0.13275209
12.920000	0.22615889
12.940000	0.32210162
12.960000	0.41784480
12.980000	0.50952297
13.000000	0.59239203
13.020000	0.66160989
13.040000	0.71397996
13.059999	0.74893469
13.080000	0.76795769
13.099999	0.77341402
13.120000	0.76820153
13.139999	0.75451249
13.160000	0.73323333
13.179999	0.70409918
13.200000	0.66738427
13.219999	0.62354636
13.240000	0.57325578
13.259999	0.51704520
13.280000	0.45610389
13.299999	0.39126664
13.320000	0.32300720
13.340000	0.25103199
13.360000	0.17493257
13.380000	0.09418409
13.400000	0.00858372
13.420000	-0.08149317
13.440000	-0.17520931
13.460000	-0.27133605
13.480000	-0.36795285
13.500000	-0.46258050
13.520000	-0.55160153
13.540000	-0.63070905
13.559999	-0.69506830
13.580000	-0.74196923
13.599999	-0.77072871
13.620000	-0.78294677
13.639999	-0.78111953
13.660000	-0.76858580
13.679999	-0.74752373
13.700000	-0.71887416
13.719999	-0.68284893
13.740000	-0.63990045
13.759999	-0.59070534
13.780000	-0.53592581
13.799999	-0.47650212
13.820000	-0.41299689
13.840000	-0.34594211
13.860000	-0.27551085
13.880000	-0.20196049
13.900000	-0.12404084
13.920000	-0.04178084
13.940000	0.04557982
13.960000	0.13719249
13.980000	0.23340243
14.000000	0.33161843
14.020000	0.42963988
14.040000	0.52297831
14.059999	0.60797071
14.080000	0.67919749
14.099999	0.73370183
14.120000	0.77044725
14.139999	0.79057765
14.160000	0.79608887
14.179999	0.78958952
14.200000	0.77336657
14.219999	0.74849695
14.240000	0.71552950
14.259999	0.67458636
14.280000	0.62650162
14.299999	0.57166362
14.320000	0.51110053
14.340000	0.44533810
14.360000	0.37534702
14.380000	0.30136579
14.400000	0.22340512
14.420000	0.14094391
14.440000	0.05374739
14.460000	-0.03812385
14.480000	-0.13455111
14.500000	-0.23484564
14.520000	-0.33772072
14.540000	-0.44061831
14.559999	-0.53990465
14.580000	-0.63037765
14.599999	-0.70617354
14.620000	-0.76310486
14.639999	-0.79999930
14.660000	-0.81844372
14.679999	-0.82121205
14.700000	-0.81187379
14.719999	-0.79315645
14.740000	-0.76609111
14.759999	-0.73071748
14.780000	-0.68749946
14.799999	-0.63712442
14.820000	-0.58020407
14.839999	-0.51743364
14.860000	-0.44981837
14.880000	-0.37784058
14.900000	-0.30185166
14.920000	-0.22240698
14.940000	-0.13863057
14.960000	-0.04992437
14.980000	0.04439774
15.000000	0.14336520
15.020000	0.24646826
15.040000	0.35107917
15.059999	0.45385689
15.080000	0.55010694
15.099999	0.63551134
15.120000	0.70554549
15.139999	0.75751454
15.160000	0.79214770
15.179999	0.81141353
15.200000	0.81815535
15.219999	0.81447256
15.240000	0.80250198
15.259999	0.78204960
15.280000	0.75286645
15.299999	0.71486604
15.320000	0.66924858
15.339999	0.61651295
15.360000	0.55764985
15.380000	0.49370223
15.400000	0.42575216
15.420000	0.35442653
15.440000	0.27988338
15.460000	0.20173129
15.480000	0.11951327
15.500000	0.03291430
15.520000	-0.05785853
15.540000	-0.15265024
15.559999	-0.25039387
15.580000	-0.34934321
15.599999	-0.44685417
15.620000	-0.53963375
15.639999	-0.62304729
15.660000	-0.69224083
15.679999	-0.74379808
15.700000	-0.77768219
15.719999	-0.79526305
15.740000	-0.79940122
15.759999	-0.79259849
15.780000	-0.77749234
15.799999	-0.75444746
15.820000	-0.72347796
15.839999	-0.68461865
15.860000	-0.63880205
15.880000	-0.58671564
15.900000	-0.52900505
15.920000	-0.46676642
15.940000	-0.40060297
15.960000	-0.33107868
15.980000	-0.25818065
16.000000	-0.18180217
16.020000	-0.10161349
16.039999	-0.01732390
16.059999	0.07092486
16.080000	0.16250159
16.100000	0.25612938
16.119999	0.34988427
16.139999	0.44090658
16.160000	0.52574348
16.180000	0.60066777
16.199999	0.66228408
16.219999	0.70846301
16.240000	0.73944986
16.260000	0.75680196
16.279999	0.76287752
16.299999	0.75952375
16.320000	0.74869817
16.340000	0.73065400
16.359999	0.70552003
16.379999	0.67283213
16.400000	0.63323319
16.420000	0.58686793
16.440001	0.53442669
16.459999	0.47657302
16.480000	0.41431582
16.500000	0.34842518
16.520000	0.27935088
16.539999	0.20721200
16.559999	0.13160056
16.580000	0.05215587
16.600000	-0.03156552
16.619999	-0.11942746
16.639999	-0.21115902
16.660000	-0.30573156
16.680000	-0.40077901
16.699999	-0.49281171
16.719999	-0.57725620
16.740000	-0.64848149
16.760000	-0.70225102
16.779999	-0.73649544
16.799999	-0.75231552
16.820000	-0.75179696
16.840000	-0.73874831
16.859999	-0.71617687
16.879999	-0.68627995
16.900000	-0.64931929
16.920000	-0.60573524
16.940001	-0.55596125
16.959999	-0.50051117
16.980000	-0.44010127
17.000000	-0.37526193
17.020000	-0.30670264
17.039999	-0.23453438
17.059999	-0.15863058
17.080000	-0.07854939
17.100000	0.00591950
17.119999	0.09475299
17.139999	0.18774311
17.160000	0.28376397
17.180000	0.38099048
17.199999	0.47624972
17.219999	0.56579167
17.240000	0.64476818
17.260000	0.70896626
17.279999	0.75592792
17.299999	0.78547031
17.320000	0.79901087
17.340000	0.79879844
17.359999	0.78760451
17.379999	0.76712531
17.400000	0.73855138
17.420000	0.70212090
17.440001	0.65888894
17.459999	0.60932767
17.480000	0.55444276
17.500000	0.49492323
17.520000	0.43171757
17.539999	0.36511093
17.559999	0.29560718
17.580000	0.22304162
17.600000	0.14689603
17.619999	0.06668311
17.639999	-0.01772888
17.660000	-0.10620355
17.680000	-0.19849303
17.699999	-0.29343674
17.719999	-0.38903794
17.740000	-0.48221517
17.760000	-0.56854439
17.779999	-0.64259529
17.799999	-0.69993556
17.820000	-0.73885202
17.840000	-0.75965136
17.859999	-0.76494980
17.879999	-0.75800252
17.900000	-0.74206126
17.920000	-0.71832609
17.940001	-0.68768907
17.959999	-0.65020680
17.980000	-0.60648441
18.000000	-0.55685240
18.020000	-0.50225794
18.039999	-0.44348174
18.059999	-0.38115063
18.080000	-0.31579161
18.100000	-0.24753657
18.119999	-0.17688546
18.139999	-0.10242555
18.160000	-0.02402119
18.180000	0.05944117
18.199999	0.14715484
18.219999	0.23974697
18.240000	0.33521411
18.260000	0.43155205
18.279999	0.52450055
18.299999	0.61016238
18.320000	0.68265665
18.340000	0.73799992
18.359999	0.77424413
18.379999	0.79242325
18.400000	0.79472536
18.420000	0.78486466
18.440001	0.76531047
18.459999	0.73761547
18.480000	0.70185089
18.500000	0.65857673
18.520000	0.60832888
18.539999	0.55193520
18.559999	0.49039286
18.580000	0.42465541
18.600000	0.35553867
18.619999	0.28329581
18.639999	0.20769089
18.660000	0.12832245
18.680000	0.04476961
18.699999	-0.04327488
18.719999	-0.13585234
18.740000	-0.23219517
18.760000	-0.33068183
18.779999	-0.42884958
18.799999	-0.52302819
18.820000	-0.60828143
18.840000	-0.67884183
18.859999	-0.73121583
18.879999	-0.76401460
18.900000	-0.77883458
18.920000	-0.77807903
18.939999	-0.76544070
18.959999	-0.74366069
18.980000	-0.71413010
19.000000	-0.67727435
19.020000	-0.63353944
19.039999	-0.58384556
19.059999	-0.52864379
19.080000	-0.46909815
19.100000	-0.40557286
19.119999	-0.33892494
19.139999	-0.26907191
19.160000	-0.19624896
19.180000	-0.11956433
19.199999	-0.03836866
19.219999	0.04788570
19.240000	0.13903275
19.260000	0.23467569
19.279999	0.33321410
19.299999	0.43179721
19.320000	0.52637357
19.340000	0.61226404
19.359999	0.68482381
19.379999	0.74014044
19.400000	0.77800912
19.420000	0.79955733
19.439999	0.80774570
19.459999	0.80433500
19.480000	0.79192054
19.500000	0.77066064
19.520000	0.74103469
19.539999	0.70275927
19.559999	0.65718156
19.580000	0.60503352
19.600000	0.54717916
19.619999	0.48452675
19.639999	0.41793248
19.660000	0.34809855
19.680000	0.27520356
19.699999	0.19889221
19.719999	0.11870469
19.740000	0.03394763
19.760000	-0.05537221
19.779999	-0.14909419
19.799999	-0.24618615
19.820000	-0.34525293
19.840000	-0.44355321
19.859999	-0.53748506
19.879999	-0.62192708
19.900000	-0.69144231
19.920000	-0.74712509
19.939999	-0.78157818
19.959999	-0.79852295
19.980000	-0.79697895
20.000000	-0.78527063
20.020000	-0.76446068
20.039999	-0.73569381
20.059999	-0.70314270

