Time	Left_Forefoot_y_baseline X
0.000000	0.00670211	
0.020000	-0.00329894	
0.040000	-0.01020467	
0.060000	-0.01499835	
0.080000	-0.01529396	
0.100000	-0.01552004	
0.120000	-0.01398379	
0.140000	-0.00724304	
0.160000	0.00046597	
0.180000	0.00761341	
0.200000	0.00755911	
0.220000	0.00212894	
0.240000	-0.00742324	
0.260000	-0.01410967	
0.280000	-0.01687855	
0.300000	-0.01650929	
0.320000	-0.01700875	
0.340000	-0.01560047	
0.360000	-0.01026186	
0.380000	-0.00025812	
0.400000	0.00791457	
0.420000	0.01129462	
0.440000	0.00709070	
0.460000	-0.00041611	
0.480000	-0.00888544	
0.500000	-0.01418558	
0.520000	-0.01625976	
0.540000	-0.01624990	
0.560000	-0.01648933	
0.580000	-0.01489466	
0.600000	-0.00935465	
0.620000	0.00087123	
0.640000	0.01019549	
0.660000	0.01530947	
0.680000	0.01308183	
0.700000	0.00792383	
0.720000	0.00098643	
0.740000	-0.00685549	
0.760000	-0.01260859	
0.780000	-0.01629928	
0.800000	-0.01645580	
0.820000	-0.01646116	
0.840000	-0.01632085	
0.860000	-0.01383424	
0.880000	-0.00715417	
0.900000	0.00514303	
0.920000	0.01671058	
0.940000	0.02656166	
0.960000	0.03074439	
0.980000	0.03114121	
1.000000	0.02458705	
1.020000	0.01365165	
1.040000	-0.00164111	
1.060000	-0.01029599	
1.080000	-0.01455134	
1.100000	-0.01272976	
1.120000	-0.01323828	
1.140000	-0.00784762	
1.160000	-0.00075820	
1.180000	0.00552976	
1.200000	0.00316758	
1.220000	-0.00527644	
1.240000	-0.01268780	
1.260000	-0.01716244	
1.280000	-0.01677817	
1.300000	-0.01615444	
1.320000	-0.01400086	
1.340000	-0.00656275	
1.360000	0.00441276	
1.380000	0.01558267	
1.400000	0.02146825	
1.420000	0.01972136	
1.440000	0.01590131	
1.460000	0.00943910	
1.480000	0.00454749	
1.500000	-0.00451140	
1.520000	-0.01091191	
1.540000	-0.01617748	
1.560000	-0.01708016	
1.580000	-0.01858902	
1.600000	-0.01912922	
1.620000	-0.01943925	
1.640000	-0.01894286	
1.660000	-0.01172179	
1.680000	0.00071551	
1.700000	0.01712796	
1.720000	0.02676676	
1.740000	0.03155571	
1.760000	0.03094125	
1.780000	0.02571331	
1.800000	0.01472834	
1.820000	-0.00028816	
1.840000	-0.01054263	
1.860000	-0.01618490	
1.880000	-0.01668435	
1.900000	-0.01690590	
1.920000	-0.01633301	
1.940000	-0.00984180	
1.960000	-0.00096536	
1.980000	0.00921714	
2.000000	0.01358150	
2.020000	0.01119855	
2.040000	0.00267984	
2.060000	-0.00717659	
2.080000	-0.01293075	
2.100000	-0.01485169	
2.120000	-0.01543096	
2.140000	-0.01248619	
2.160000	-0.00619720	
2.180000	0.00171836	
2.200000	0.00594880	
2.220000	0.00174016	
2.240000	-0.00509645	
2.260000	-0.01293734	
2.280000	-0.01493478	
2.300000	-0.01549926	
2.320000	-0.01326236	
2.340000	-0.00596455	
2.360000	0.00388347	
2.380000	0.01339039	
2.400000	0.01784569	
2.420000	0.01562381	
2.440000	0.00867344	
2.460000	-0.00172155	
2.480000	-0.00856617	
2.500000	-0.01463795	
2.520000	-0.01732761	
2.540000	-0.01941147	
2.560000	-0.01877213	
2.580000	-0.01427856	
2.600000	-0.00653951	
2.620000	0.00416261	
2.640000	0.01106340	
2.660000	0.01225857	
2.680000	0.00762802	
2.700000	-0.00143643	
2.720000	-0.00838372	
2.740000	-0.01360220	
2.760000	-0.01438698	
2.780000	-0.01520920	
2.800000	-0.01235065	
2.820000	-0.00414771	
2.840000	0.00679077	
2.860000	0.01655772	
2.880000	0.02098031	
2.900000	0.01921079	
2.920000	0.01419391	
2.940000	0.00327188	
2.960000	-0.00596289	
2.980000	-0.01519111	
3.000000	-0.01896301	
3.020000	-0.02079117	
3.040000	-0.02101335	
3.060000	-0.02071196	
3.080000	-0.02066773	
3.100000	-0.01573706	
3.120000	-0.00619474	
3.140000	0.00612654	
3.160000	0.01609118	
3.180000	0.02444984	
3.200000	0.03025171	
3.220000	0.03311603	
3.240000	0.03191961	
3.260000	0.02605520	
3.280000	0.01513401	
3.300000	-0.00053541	
3.320000	-0.01175860	
3.340000	-0.01785672	
3.360000	-0.01822656	
3.380000	-0.01594195	
3.400000	-0.00906256	
3.420000	0.00280985	
3.440000	0.01458043	
3.460000	0.02172437	
3.480000	0.02344185	
3.500000	0.01919988	
3.520000	0.01255521	
3.540000	0.00101770	
3.560000	-0.00736174	
3.580000	-0.01289412	
3.600000	-0.01314387	
3.620000	-0.00952706	
3.640000	-0.00206879	
3.660000	0.00788988	
3.680000	0.01412849	
3.700000	0.01377735	
3.720000	0.00753689	
3.740000	-0.00196305	
3.760000	-0.00903025	
3.780000	-0.01435509	
3.800000	-0.01631737	
3.820000	-0.01462746	
3.840000	-0.00719531	
3.860000	0.00459193	
3.880000	0.01434778	
3.900000	0.02018236	
3.920000	0.02099594	
3.940000	0.01683646	
3.960000	0.00955799	
3.980000	-0.00147243	
4.000000	-0.00892514	
4.020000	-0.01422241	
4.040000	-0.01510119	
4.060000	-0.01526743	
4.080000	-0.01081911	
4.100000	-0.00167795	
4.120000	0.00816040	
4.140000	0.01548144	
4.160000	0.01808411	
4.180000	0.01692718	
4.200000	0.01248115	
4.220000	0.00337350	
4.240000	-0.00430940	
4.260000	-0.01091355	
4.280000	-0.01285875	
4.300000	-0.01377416	
4.320000	-0.01382744	
4.340000	-0.00800602	
4.360000	-0.00059220	
4.380000	0.00742580	
4.400000	0.00640568	
4.420000	0.00116169	
4.440000	-0.00660019	
4.460000	-0.01113364	
4.480000	-0.01313728	
4.500000	-0.01206222	
4.520000	-0.00909504	
4.540000	-0.00202148	
4.560000	0.00397047	
4.580000	0.00659555	
4.600000	0.00373021	
4.620000	-0.00301054	
4.640000	-0.00834587	
4.660000	-0.01505038	
4.680000	-0.01787996	
4.700000	-0.02021414	
4.720000	-0.01971468	
4.740000	-0.01759607	
4.760000	-0.01136446	
4.780000	-0.00008245	
4.800000	0.01084575	
4.820000	0.01743077	
4.840000	0.01780866	
4.860000	0.01322213	
4.880000	0.00623761	
4.900000	-0.00512196	
4.920000	-0.01254606	
4.940000	-0.01654056	
4.960000	-0.01527977	
4.980000	-0.01498497	
5.000000	-0.01594317	
5.020000	-0.01122972	
5.040000	-0.00281757	
5.060000	0.00763892	
5.080000	0.01291171	
5.100000	0.01265498	
5.120000	0.00935146	
5.140000	0.00179118	
5.160000	-0.00499606	
5.180000	-0.01269129	
5.200000	-0.01634535	
5.220000	-0.01731032	
5.240000	-0.01588950	
5.260000	-0.01166686	
5.280000	-0.00559838	
5.300000	0.00067601	
5.320000	0.00355083	
5.340000	0.00073135	
5.360000	-0.00441554	
5.380000	-0.00933719	
5.400000	-0.01035854	
5.420000	-0.00587301	
5.440000	0.00118865	
5.460000	0.01104055	
5.480000	0.01906493	
5.500000	0.02471705	
5.520000	0.02653863	
5.540000	0.02448522	
5.560000	0.01945229	
5.580000	0.00773869	
5.600000	-0.00448425	
5.620000	-0.01399118	
5.640000	-0.01671708	
5.660000	-0.01376098	
5.680000	-0.01036572	
5.700000	-0.00288032	
5.720000	0.00146163	
5.740000	0.00484125	
5.760000	0.00273313	
5.780000	-0.00072344	
5.800000	-0.00310495	
5.820000	-0.00175899	
5.840000	0.00160809	
5.860000	0.00802751	
5.880000	0.01210265	
5.900000	0.01383926	
5.920000	0.00883451	
5.940000	-0.00073496	
5.960000	-0.00883421	
5.980000	-0.01493499	
6.000000	-0.01647124	
6.020000	-0.01716819	
6.040000	-0.01506191	
6.060000	-0.00738025	
6.080000	0.00130570	
6.100000	0.00933254	
6.120000	0.00958227	
6.140000	0.00405131	
6.160000	-0.00408435	
6.180000	-0.01195979	
6.200000	-0.01589853	
6.220000	-0.01620567	
6.240000	-0.01380357	
6.260000	-0.00659361	
6.280000	0.00106254	
6.300000	0.00987376	
6.320000	0.01328589	
6.340000	0.01253669	
6.360000	0.00695184	
6.380000	-0.00357212	
6.400000	-0.01201573	
6.420000	-0.01800749	
6.440000	-0.01835740	
6.460000	-0.01851106	
6.480000	-0.01815170	
6.500000	-0.01289949	
6.520000	-0.00377537	
6.540000	0.00877342	
6.560000	0.01767659	
6.580000	0.02295205	
6.600000	0.02424207	
6.620000	0.02059768	
6.640000	0.01618396	
6.660000	0.00759366	
6.680000	-0.00128050	
6.700000	-0.00985640	
6.720000	-0.01377416	
6.740000	-0.01356435	
6.760000	-0.01336810	
6.780000	-0.01171458	
6.800000	-0.00708115	
6.820000	0.00222029	
6.840000	0.01193026	
6.860000	0.01854387	
6.880000	0.02046439	
6.900000	0.01735342	
6.920000	0.01270291	
6.940000	0.00448352	
6.960000	-0.00254686	
6.980000	-0.00710583	
7.000000	-0.00798771	
7.020000	-0.00241213	
7.040000	0.00582682	
7.060000	0.01706769	
7.080000	0.02377263	
7.100000	0.02430749	
7.120000	0.02139461	
7.140000	0.01588361	
7.160000	0.01002599	
7.180000	-0.00080018	
7.200000	-0.00894612	
7.220000	-0.01541719	
7.240000	-0.01628774	
7.260000	-0.01690549	
7.280000	-0.01657677	
7.300000	-0.01303071	
7.320000	-0.00548278	
7.340000	0.00611666	
7.360000	0.01601610	
7.380000	0.02172992	
7.400000	0.02334310	
7.420000	0.02198377	
7.440000	0.02052467	
7.460000	0.01683770	
7.480000	0.01419204	
7.500000	0.00796148	
7.520000	0.00057706	
7.540000	-0.00719923	
7.560000	-0.01157284	
7.580000	-0.01215214	
7.600000	-0.01215214	
7.620000	-0.00991154	
7.640000	-0.00308748	
7.660000	0.00870594	
7.680000	0.02028665	
7.700000	0.02559070	
7.720000	0.02452348	
7.740000	0.01909065	
7.760000	0.01095724	
7.780000	-0.00157961	
7.800000	-0.01091293	
7.820000	-0.01570126	
7.840000	-0.01474264	
7.860000	-0.01319158	
7.880000	-0.00860566	
7.900000	-0.00043051	
7.920000	0.00928359	
7.940000	0.01599573	
7.960000	0.01880656	
7.980000	0.01710472	
8.000000	0.01405710	
8.020000	0.00750130	
8.040000	-0.00331746	
8.059999	-0.01277110	
8.080000	-0.01842982	
8.099999	-0.01734817	
8.120000	-0.01668209	
8.139999	-0.01422137	
8.160000	-0.00756395	
8.179999	0.00354095	
8.200000	0.01447819	
8.220000	0.02232258	
8.240000	0.02565941	
8.260000	0.02690397	
8.280000	0.02513485	
8.300000	0.01932104	
8.320000	0.00869545	
8.340000	-0.00329730	
8.360000	-0.01118550	
8.380000	-0.01429421	
8.400000	-0.01487410	
8.420000	-0.01311731	
8.440000	-0.00768471	
8.460000	0.00246137	
8.480000	0.01151390	
8.500000	0.01857123	
8.520000	0.02084063	
8.540000	0.02043003	
8.559999	0.01891929	
8.580000	0.01292734	
8.599999	0.00403568	
8.620000	-0.00585470	
8.639999	-0.01122230	
8.660000	-0.01205441	
8.679999	-0.01194477	
8.700000	-0.00775135	
8.720000	-0.00117703	
8.740000	0.00774692	
8.760000	0.01261981	
8.780000	0.01103891	
8.800000	0.00456971	
8.820000	-0.00496376	
8.840000	-0.01067677	
8.860000	-0.01504874	
8.880000	-0.01616102	
8.900000	-0.01607442	
8.920000	-0.01299658	
8.940000	-0.00539349	
8.960000	0.00418112	
8.980000	0.01460512	
9.000000	0.02073140	
9.020000	0.02111895	
9.040000	0.01847023	
9.059999	0.01093586	
9.080000	0.00038226	
9.099999	-0.00891238	
9.120000	-0.01399550	
9.139999	-0.01359397	
9.160000	-0.01400086	
9.179999	-0.01435015	
9.200000	-0.01242387	
9.220000	-0.00602522	
9.240000	0.00252309	
9.260000	0.01049028	
9.280000	0.01393019	
9.300000	0.01588403	
9.320000	0.01599264	
9.340000	0.01427042	
9.360000	0.01044235	
9.380000	0.00174572	
9.400000	-0.00582096	
9.420000	-0.01153272	
9.440000	-0.01263165	
9.460000	-0.01217496	
9.480000	-0.01193902	
9.500000	-0.00856966	
9.520000	-0.00417568	
9.540000	-0.00052144	
9.559999	0.00030348	
9.580000	-0.00468954	
9.599999	-0.00894305	
9.620000	-0.01348245	
9.639999	-0.01402718	
9.660000	-0.01402718	
9.679999	-0.01348245	
9.700000	-0.01010141	
9.719999	-0.00386012	
9.740000	0.00569844	
9.760000	0.01242048	
9.780000	0.01475056	
9.800000	0.01218267	
9.820000	0.00545365	
9.840000	-0.00338987	
9.860000	-0.01130521	
9.880000	-0.01491916	
9.900000	-0.01526144	
9.920000	-0.01495123	
9.940000	-0.01479530	
9.960000	-0.01468012	
9.980000	-0.01194867	
10.000000	-0.00874001	
10.020000	-0.00379224	
10.040000	-0.00195812	
10.059999	-0.00363424	
10.080000	-0.00771967	
10.099999	-0.01108840	
10.120000	-0.01140931	
10.139999	-0.01172918	
10.160000	-0.01231176	
10.179999	-0.01141629	
10.200000	-0.00974202	
10.219999	-0.00446348	
10.240000	0.00017017	
10.260000	0.00536890	
10.280000	0.00700697	
10.300000	0.00748608	
10.320000	0.00716065	
10.340000	0.00443867	
10.360000	-0.00007196	
10.380000	-0.00551033	
10.400000	-0.00855240	
10.420000	-0.01075268	
10.440000	-0.01202479	
10.460000	-0.01159588	
10.480000	-0.00744155	
10.500000	0.00192612	
10.520000	0.01249515	
10.540000	0.02258404	
10.559999	0.02743655	
10.580000	0.02845915	
10.599999	0.02604677	
10.620000	0.01930623	
10.639999	0.00782736	
10.660000	-0.00305888	
10.679999	-0.01041922	
10.700000	-0.01390994	
10.719999	-0.01627848	
10.740000	-0.01690713	
10.760000	-0.01568028	
10.780000	-0.01192257	
10.800000	-0.00593081	
10.820000	0.00229599	
10.840000	0.00798760	
10.860000	0.01073343	
10.880000	0.01137032	
10.900000	0.00888532	
10.920000	0.00411983	
10.940000	-0.00421312	
10.960000	-0.00971735	
10.980000	-0.01390561	
11.000000	-0.01471055	
11.020000	-0.01362893	
11.040000	-0.00865895	
11.059999	0.00186831	
11.080000	0.01055199	
11.099999	0.01487008	
11.120000	0.01329680	
11.139999	0.00956602	
11.160000	0.00487992	
11.179999	-0.00238393	
11.200000	-0.00716344	
11.219999	-0.01143953	
11.240000	-0.01286697	
11.259999	-0.01382229	
11.280000	-0.01108840	
11.300000	-0.00429726	
11.320000	0.00385363	
11.340000	0.01038723	
11.360000	0.01238447	
11.380000	0.00930929	
11.400000	0.00451273	
11.420000	-0.00461240	
11.440000	-0.01082674	
11.460000	-0.01718196	
11.480000	-0.01866740	
11.500000	-0.01981959	
11.520000	-0.01948965	
11.540000	-0.01542130	
11.559999	-0.00760509	
11.580000	0.00281478	
11.599999	0.01044543	
11.620000	0.01460615	
11.639999	0.01620699	
11.660000	0.01546560	
11.679999	0.01263605	
11.700000	0.00592515	
11.719999	-0.00337732	
11.740000	-0.01123548	
11.759999	-0.01525569	
11.780000	-0.01473731	
11.800000	-0.01418310	
11.820000	-0.01127085	
11.840000	-0.00813973	
11.860000	-0.00468297	
11.880000	-0.00374040	
11.900000	-0.00690012	
11.920000	-0.01038548	
11.940000	-0.01370504	
11.960000	-0.01375011	
11.980000	-0.00916356	
12.000000	-0.00069465	
12.020000	0.01371007	
12.040000	0.02719155	
12.059999	0.03827897	
12.080000	0.04341269	
12.099999	0.04162507	
12.120000	0.03758304	
12.139999	0.02922274	
12.160000	0.01946546	
12.179999	0.00436729	
12.200000	-0.00625727	
12.219999	-0.01485169	
12.240000	-0.01734817	
12.259999	-0.01989901	
12.280000	-0.01995021	
12.300000	-0.01925409	
12.320000	-0.01855943	
12.340000	-0.01426417	
12.360000	-0.00896835	
12.380000	-0.00125027	
12.400000	0.00307707	
12.420000	0.00826037	
12.440000	0.01120780	
12.460000	0.01495297	
12.480000	0.01648471	
12.500000	0.01662377	
12.520000	0.01462652	
12.540000	0.00872178	
12.559999	-0.00025935	
12.580000	-0.00876758	
12.599999	-0.01386857	
12.620000	-0.01292068	
12.639999	-0.01122889	
12.660000	-0.00808337	
12.679999	-0.00292414	
12.700000	0.00580665	
12.719999	0.01323652	
12.740000	0.01414207	
12.759999	0.00915213	
12.780000	-0.00015897	
12.799999	-0.00738889	
12.820000	-0.01104292	
12.840000	-0.01035997	
12.860000	-0.00536695	
12.880000	0.00059475	
12.900000	0.01010169	
12.920000	0.01593381	
12.940000	0.01642217	
12.960000	0.01145856	
12.980000	0.00102408	
13.000000	-0.00668515	
13.020000	-0.01396134	
13.040000	-0.01576710	
13.059999	-0.01633772	
13.080000	-0.01549348	
13.099999	-0.01308030	
13.120000	-0.00847155	
13.139999	-0.00039266	
13.160000	0.00723964	
13.179999	0.01426344	
13.200000	0.01781689	
13.219999	0.02147669	
13.240000	0.02270581	
13.259999	0.02176057	
13.280000	0.01795821	
13.299999	0.00978161	
13.320000	-0.00008512	
13.340000	-0.00824054	
13.360000	-0.01223505	
13.380000	-0.01218092	
13.400000	-0.01224160	
13.420000	-0.01022112	
13.440000	-0.00577180	
13.460000	0.00238444	
13.480000	0.01014757	
13.500000	0.01401864	
13.520000	0.01274693	
13.540000	0.00679488	
13.559999	-0.00182934	
13.580000	-0.00954103	
13.599999	-0.01401156	
13.620000	-0.01431561	
13.639999	-0.01391447	
13.660000	-0.00973359	
13.679999	-0.00291838	
13.700000	0.00514098	
13.719999	0.00892359	
13.740000	0.00770167	
13.759999	0.00327127	
13.780000	-0.00557123	
13.799999	-0.01224327	
13.820000	-0.01749834	
13.840000	-0.01784787	
13.860000	-0.01669589	
13.880000	-0.01514626	
13.900000	-0.00932711	
13.920000	-0.00479507	
13.940000	-0.00035276	
13.960000	-0.00064650	
13.980000	-0.00442912	
14.000000	-0.00820145	
14.020000	-0.01260737	
14.040000	-0.01375565	
14.059999	-0.01367849	
14.080000	-0.01226506	
14.099999	-0.00609846	
14.120000	0.00145093	
14.139999	0.00857203	
14.160000	0.00977503	
14.179999	0.00628616	
14.200000	0.00198413	
14.219999	-0.00463688	
14.240000	-0.00909382	
14.259999	-0.01523286	
14.280000	-0.01834837	
14.299999	-0.02024871	
14.320000	-0.01946124	
14.340000	-0.01824549	
14.360000	-0.01546654	
14.380000	-0.00635868	
14.400000	0.00576715	
14.420000	0.01751079	
14.440000	0.02404828	
14.460000	0.02768341	
14.480000	0.02888209	
14.500000	0.02626503	
14.520000	0.02178958	
14.540000	0.01330276	
14.559999	0.00177224	
14.580000	-0.00751603	
14.599999	-0.01275301	
14.620000	-0.01350179	
14.639999	-0.01471755	
14.660000	-0.01228625	
14.679999	-0.00429726	
14.700000	0.00648797	
14.719999	0.01407541	
14.740000	0.01830031	
14.759999	0.01971272	
14.780000	0.01974851	
14.799999	0.01880471	
14.820000	0.01481022	
14.839999	0.00835150	
14.860000	-0.00084460	
14.880000	-0.00697376	
14.900000	-0.00986791	
14.920000	-0.01002488	
14.940000	-0.00877005	
14.960000	-0.00377989	
14.980000	0.00220835	
15.000000	0.00686873	
15.020000	0.00837845	
15.040000	0.00888965	
15.059999	0.00888965	
15.080000	0.00846176	
15.099999	0.00570358	
15.120000	0.00270762	
15.139999	-0.00391957	
15.160000	-0.00846002	
15.179999	-0.01241460	
15.200000	-0.01273799	
15.219999	-0.00986195	
15.240000	-0.00399342	
15.259999	0.00595312	
15.280000	0.01394211	
15.299999	0.01938851	
15.320000	0.02061744	
15.339999	0.01901968	
15.360000	0.01557711	
15.380000	0.00785717	
15.400000	-0.00177956	
15.420000	-0.01076460	
15.440000	-0.01582921	
15.460000	-0.01707748	
15.480000	-0.01748252	
15.500000	-0.01299739	
15.520000	-0.00473933	
15.540000	0.00732398	
15.559999	0.01539278	
15.580000	0.01977155	
15.599999	0.02017084	
15.620000	0.01817359	
15.639999	0.01250748	
15.660000	0.00168914	
15.679999	-0.00737531	
15.700000	-0.01454106	
15.719999	-0.01626554	
15.740000	-0.01472929	
15.759999	-0.01157615	
15.780000	-0.00402655	
15.799999	0.00275266	
15.820000	0.01069681	
15.839999	0.01406266	
15.860000	0.01311022	
15.880000	0.01099284	
15.900000	0.00492683	
15.920000	-0.00223953	
15.940000	-0.00937235	
15.960000	-0.01274067	
15.980000	-0.01281720	
16.000000	-0.01297107	
16.020000	-0.01020548	
16.039999	-0.00333227	
16.059999	0.00865102	
16.080000	0.02010974	
16.100000	0.02593568	
16.119999	0.02427128	
16.139999	0.01748425	
16.160000	0.00865328	
16.180000	-0.00287868	
16.199999	-0.01116616	
16.219999	-0.01687506	
16.240000	-0.01745969	
16.260000	-0.01689193	
16.279999	-0.01105672	
16.299999	-0.00059117	
16.320000	0.00912601	
16.340000	0.01371254	
16.359999	0.01347288	
16.379999	0.01019035	
16.400000	0.00536068	
16.420000	-0.00318745	
16.440001	-0.00944743	
16.459999	-0.01385686	
16.480000	-0.01435161	
16.500000	-0.01404694	
16.520000	-0.01326564	
16.539999	-0.00789782	
16.559999	-0.00041920	
16.580000	0.00771050	
16.600000	0.01125348	
16.619999	0.00864835	
16.639999	0.00426959	
16.660000	-0.00342751	
16.680000	-0.00767174	
16.699999	-0.01137227	
16.719999	-0.01175448	
16.740000	-0.01186803	
16.760000	-0.00917590	
16.779999	-0.00340118	
16.799999	0.00228797	
16.820000	0.00337330	
16.840000	-0.00170304	
16.859999	-0.00980785	
16.879999	-0.01554987	
16.900000	-0.01771352	
16.920000	-0.01727927	
16.940001	-0.01126489	
16.959999	-0.00079852	
16.980000	0.01469481	
17.000000	0.02719073	
17.020000	0.03869408	
17.039999	0.04525751	
17.059999	0.04963957	
17.080000	0.05013883	
17.100000	0.04732697	
17.119999	0.03923799	
17.139999	0.02485386	
17.160000	0.00687861	
17.180000	-0.00596043	
17.199999	-0.01279724	
17.219999	-0.01092279	
17.240000	-0.00934231	
17.260000	-0.00363055	
17.279999	0.00467812	
17.299999	0.01660237	
17.320000	0.02464074	
17.340000	0.02659500	
17.359999	0.02493346	
17.379999	0.01962611	
17.400000	0.01403509	
17.420000	0.00596938	
17.440001	0.00106686	
17.459999	-0.00395001	
17.480000	-0.00649178	
17.500000	-0.00857997	
17.520000	-0.00857997	
17.539999	-0.00711961	
17.559999	-0.00316317	
17.580000	0.00422412	
17.600000	0.01066884	
17.619999	0.01372632	
17.639999	0.01235628	
17.660000	0.00835501	
17.680000	0.00460921	
17.699999	-0.00031860	
17.719999	-0.00322366	
17.740000	-0.00772749	
17.760000	-0.01005223	
17.779999	-0.01273388	
17.799999	-0.01320970	
17.820000	-0.01450875	
17.840000	-0.01535690	
17.859999	-0.01110321	
17.879999	-0.00243948	
17.900000	0.01023191	
17.920000	0.02074127	
17.940001	0.03020975	
17.959999	0.03582402	
17.980000	0.03812344	
18.000000	0.03718089	
18.020000	0.03377306	
18.039999	0.02738450	
18.059999	0.01617840	
18.080000	0.00192529	
18.100000	-0.00996685	
18.119999	-0.01641262	
18.139999	-0.01726466	
18.160000	-0.01701576	
18.180000	-0.01725274	
18.199999	-0.01769421	
18.219999	-0.01746380	
18.240000	-0.01668209	
18.260000	-0.01341498	
18.279999	-0.00959411	
18.299999	-0.00344253	
18.320000	0.00124645	
18.340000	0.00687429	
18.359999	0.01115267	
18.379999	0.01526318	
18.400000	0.01713228	
18.420000	0.01860578	
18.440001	0.01919165	
18.459999	0.01908942	
18.480000	0.01754186	
18.500000	0.01300736	
18.520000	0.00826593	
18.539999	0.00329369	
18.559999	0.00052688	
18.580000	-0.00187254	
18.600000	-0.00326212	
18.619999	-0.00638810	
18.639999	-0.01157224	
18.660000	-0.01710320	
18.680000	-0.02020675	
18.699999	-0.02217624	
18.719999	-0.02359870	
18.740000	-0.02321938	
18.760000	-0.01991874	
18.779999	-0.01088825	
18.799999	0.00041763	
18.820000	0.01517536	
18.840000	0.02408326	
18.859999	0.02840586	
18.879999	0.02754989	
18.900000	0.02501492	
18.920000	0.01971272	
18.939999	0.00958392	
18.959999	-0.00377578	
18.980000	-0.01397288	
19.000000	-0.01904264	
19.020000	-0.01835740	
19.039999	-0.01531103	
19.059999	-0.00762916	
19.080000	0.00032981	
19.100000	0.00690824	
19.119999	0.00879028	
19.139999	0.00638799	
19.160000	0.00079368	
19.180000	-0.00700009	
19.199999	-0.01166007	
19.219999	-0.01457295	
19.240000	-0.01534745	
19.260000	-0.01351660	
19.279999	-0.00668001	
19.299999	0.00400092	
19.320000	0.01230425	
19.340000	0.01467198	
19.359999	0.01206027	
19.379999	0.00677267	
19.400000	-0.00006476	
19.420000	-0.00813685	
19.439999	-0.01364949	
19.459999	-0.01785424	
19.480000	-0.01953778	
19.500000	-0.02045956	
19.520000	-0.01940364	
19.539999	-0.01697090	
19.559999	-0.01088968	
19.580000	0.00104320	
19.600000	0.01481906	
19.619999	0.02640574	
19.639999	0.03208829	
19.660000	0.03487322	
19.680000	0.03285663	
19.699999	0.02600913	
19.719999	0.01389562	
19.740000	-0.00024228	
19.760000	-0.00963691	
19.779999	-0.01437977	
19.799999	-0.01447254	
19.820000	-0.01226816	
19.840000	-0.00960213	
19.859999	-0.00179273	
19.879999	0.00561143	
19.900000	0.01204093	
19.920000	0.01198189	
19.939999	0.00702426	
19.959999	-0.00110956	
19.980000	-0.00805333	
20.000000	-0.01199004	
20.020000	-0.01201573	
