Time	Right_Heel_y_baseline X
0.000000	-0.01321137	
0.020000	-0.01290849	
0.040000	-0.01260562	
0.060000	-0.01254028	
0.080000	-0.01277760	
0.100000	-0.01451120	
0.120000	-0.01600768	
0.140000	-0.01738518	
0.160000	-0.01726621	
0.180000	-0.01422846	
0.200000	-0.01124640	
0.220000	-0.00649643	
0.240000	-0.00438043	
0.260000	0.00021666	
0.280000	0.00304586	
0.300000	0.00371078	
0.320000	0.00183150	
0.340000	-0.00346792	
0.360000	-0.00824378	
0.380000	-0.01483318	
0.400000	-0.01806305	
0.420000	-0.01943830	
0.440000	-0.01894946	
0.460000	-0.01581453	
0.480000	-0.01208146	
0.500000	-0.00487255	
0.520000	0.00120233	
0.540000	0.00890560	
0.560000	0.01299621	
0.580000	0.01481919	
0.600000	0.01314826	
0.620000	0.00800686	
0.640000	0.00257902	
0.660000	-0.00514050	
0.680000	-0.00973801	
0.700000	-0.01477256	
0.720000	-0.01671267	
0.740000	-0.01525871	
0.760000	-0.01192200	
0.780000	-0.00616930	
0.800000	-0.00155124	
0.820000	0.00640538	
0.840000	0.01222034	
0.860000	0.01725119	
0.880000	0.01860076	
0.900000	0.01877829	
0.920000	0.01776776	
0.940000	0.01266766	
0.960000	0.00663510	
0.980000	-0.00302307	
1.000000	-0.01127578	
1.020000	-0.01773778	
1.040000	-0.02036540	
1.060000	-0.01941590	
1.080000	-0.01846167	
1.100000	-0.01461969	
1.120000	-0.01127332	
1.140000	-0.00416079	
1.160000	0.00025035	
1.180000	0.00616394	
1.200000	0.00827725	
1.220000	0.01045817	
1.240000	0.01069571	
1.260000	0.00697763	
1.280000	0.00031467	
1.300000	-0.00953007	
1.320000	-0.01538467	
1.340000	-0.02000952	
1.360000	-0.02122408	
1.380000	-0.02122368	
1.400000	-0.01977302	
1.420000	-0.01541118	
1.440000	-0.01171756	
1.460000	-0.00586644	
1.480000	-0.00315909	
1.500000	-0.00076059	
1.520000	-0.00130652	
1.540000	-0.00542672	
1.560000	-0.01028888	
1.580000	-0.01687232	
1.600000	-0.01983446	
1.620000	-0.02164777	
1.640000	-0.02100402	
1.660000	-0.01990677	
1.680000	-0.01918165	
1.700000	-0.01540338	
1.720000	-0.01166248	
1.740000	-0.00661477	
1.760000	-0.00462003	
1.780000	-0.00297396	
1.800000	-0.00374983	
1.820000	-0.00823845	
1.840000	-0.01323459	
1.860000	-0.01925480	
1.880000	-0.02156229	
1.900000	-0.02220215	
1.920000	-0.02097505	
1.940000	-0.01772073	
1.960000	-0.01439244	
1.980000	-0.00700682	
2.000000	-0.00100468	
2.020000	0.00422837	
2.040000	0.00540513	
2.060000	0.00432186	
2.080000	-0.00030380	
2.100000	-0.00940369	
2.120000	-0.01699889	
2.140000	-0.02301274	
2.160000	-0.02436292	
2.180000	-0.02400909	
2.200000	-0.02183928	
2.220000	-0.01801045	
2.240000	-0.01422435	
2.260000	-0.00658560	
2.280000	-0.00073613	
2.300000	0.00433439	
2.320000	0.00522348	
2.340000	0.00284345	
2.360000	-0.00347388	
2.380000	-0.01265165	
2.400000	-0.01864372	
2.420000	-0.02172709	
2.440000	-0.02191715	
2.460000	-0.02063231	
2.480000	-0.01802626	
2.500000	-0.01242152	
2.520000	-0.00552987	
2.540000	0.00292729	
2.560000	0.00856657	
2.580000	0.01011585	
2.600000	0.00612614	
2.620000	-0.00250979	
2.640000	-0.01294547	
2.660000	-0.02092533	
2.680000	-0.02453162	
2.700000	-0.02498510	
2.720000	-0.02503277	
2.740000	-0.02360143	
2.760000	-0.02117908	
2.780000	-0.01538406	
2.800000	-0.00907309	
2.820000	-0.00118797	
2.840000	0.00353818	
2.860000	0.00486802	
2.880000	0.00344777	
2.900000	-0.00089845	
2.920000	-0.00667909	
2.940000	-0.01465544	
2.960000	-0.01978514	
2.980000	-0.02302918	
3.000000	-0.02394006	
3.020000	-0.02314200	
3.040000	-0.02119470	
3.060000	-0.01696704	
3.080000	-0.01250575	
3.100000	-0.00470735	
3.120000	0.00137287	
3.140000	0.00664660	
3.160000	0.00838411	
3.180000	0.00670722	
3.200000	0.00059740	
3.220000	-0.00893851	
3.240000	-0.01557392	
3.260000	-0.02054191	
3.280000	-0.02185407	
3.300000	-0.02185407	
3.320000	-0.02031280	
3.340000	-0.01661485	
3.360000	-0.01240796	
3.380000	-0.00484379	
3.400000	0.00165334	
3.420000	0.00941621	
3.440000	0.01382181	
3.460000	0.01561253	
3.480000	0.01054530	
3.500000	0.00131863	
3.520000	-0.00930692	
3.540000	-0.01758717	
3.560000	-0.02170777	
3.580000	-0.02179860	
3.600000	-0.02017164	
3.620000	-0.01587844	
3.640000	-0.01139188	
3.660000	-0.00413840	
3.680000	0.00192355	
3.700000	0.00819220	
3.720000	0.01143152	
3.740000	0.01117118	
3.760000	0.00657408	
3.780000	-0.00221637	
3.800000	-0.01231097	
3.820000	-0.02037753	
3.840000	-0.02432430	
3.860000	-0.02319603	
3.880000	-0.02079114	
3.900000	-0.01572391	
3.920000	-0.01126777	
3.940000	-0.00343423	
3.960000	0.00406706	
3.980000	0.01382469	
4.000000	0.01950279	
4.020000	0.02241705	
4.040000	0.01916458	
4.060000	0.01181924	
4.080000	0.00147747	
4.100000	-0.01098031	
4.120000	-0.01937810	
4.140000	-0.02418622	
4.160000	-0.02393676	
4.180000	-0.02168147	
4.200000	-0.01862296	
4.220000	-0.01288712	
4.240000	-0.00604951	
4.260000	0.00344674	
4.280000	0.01009983	
4.300000	0.01315011	
4.320000	0.01203294	
4.340000	0.00737460	
4.360000	-0.00047682	
4.380000	-0.01199782	
4.400000	-0.02022712	
4.420000	-0.02319418	
4.440000	-0.02183886	
4.460000	-0.01676445	
4.480000	-0.01173934	
4.500000	-0.00300664	
4.520000	0.00588429	
4.540000	0.01697278	
4.560000	0.02458996	
4.580000	0.02940384	
4.600000	0.03031696	
4.620000	0.02665950	
4.640000	0.01867966	
4.660000	0.00509855	
4.680000	-0.00744121	
4.700000	-0.01796812	
4.720000	-0.02271789	
4.740000	-0.02200346	
4.760000	-0.01852290	
4.780000	-0.01137935	
4.800000	-0.00400648	
4.820000	0.00575237	
4.840000	0.01304819	
4.860000	0.02070503	
4.880000	0.02469516	
4.900000	0.02630979	
4.920000	0.02429119	
4.940000	0.01809467	
4.960000	0.00928368	
4.980000	-0.00320655	
5.000000	-0.01411237	
5.020000	-0.02086820	
5.040000	-0.02314815	
5.060000	-0.02047163	
5.080000	-0.01690026	
5.100000	-0.01045676	
5.120000	-0.00399640	
5.140000	0.00485548	
5.160000	0.01191376	
5.180000	0.01810022	
5.200000	0.02063929	
5.220000	0.02031298	
5.240000	0.01636107	
5.260000	0.00890252	
5.280000	0.00017557	
5.300000	-0.00959992	
5.320000	-0.01583426	
5.340000	-0.01856133	
5.360000	-0.01831208	
5.380000	-0.01504749	
5.400000	-0.01033923	
5.420000	-0.00227617	
5.440000	0.00426781	
5.460000	0.01055352	
5.480000	0.01358263	
5.500000	0.01283470	
5.520000	0.00795075	
5.540000	-0.00094242	
5.560000	-0.00919576	
5.580000	-0.01773943	
5.600000	-0.02218263	
5.620000	-0.02322747	
5.640000	-0.02147004	
5.660000	-0.01867722	
5.680000	-0.01764162	
5.700000	-0.01316492	
5.720000	-0.00871515	
5.740000	-0.00120091	
5.760000	0.00320448	
5.780000	0.00818110	
5.800000	0.01006079	
5.820000	0.00939566	
5.840000	0.00540595	
5.860000	-0.00231397	
5.880000	-0.00879733	
5.900000	-0.01490161	
5.920000	-0.01737368	
5.940000	-0.01850729	
5.960000	-0.01783949	
5.980000	-0.01384936	
6.000000	-0.00847659	
6.020000	-0.00004800	
6.040000	0.00793186	
6.060000	0.01616094	
6.080000	0.02089900	
6.100000	0.02082257	
6.120000	0.01663312	
6.140000	0.00783713	
6.160000	-0.00251451	
6.180000	-0.01278849	
6.200000	-0.01851119	
6.220000	-0.02014369	
6.240000	-0.01902735	
6.260000	-0.01436387	
6.280000	-0.00862043	
6.300000	0.00078440	
6.320000	0.00920826	
6.340000	0.01963513	
6.360000	0.02593172	
6.380000	0.03182967	
6.400000	0.03378211	
6.420000	0.03225192	
6.440000	0.02524583	
6.460000	0.01378113	
6.480000	0.00189416	
6.500000	-0.00993054	
6.520000	-0.01692471	
6.540000	-0.02053903	
6.560000	-0.02009684	
6.580000	-0.01763442	
6.600000	-0.01424861	
6.620000	-0.00850679	
6.640000	-0.00251801	
6.660000	0.00621469	
6.680000	0.01383002	
6.700000	0.02160029	
6.720000	0.02603424	
6.740000	0.02743620	
6.760000	0.02591425	
6.780000	0.02087331	
6.800000	0.01322635	
6.820000	0.00158431	
6.840000	-0.00897713	
6.860000	-0.01599042	
6.880000	-0.01862030	
6.900000	-0.01658362	
6.920000	-0.01401848	
6.940000	-0.00972486	
6.960000	-0.00628622	
6.980000	-0.00001656	
7.000000	0.00583129	
7.020000	0.01260683	
7.040000	0.01611799	
7.060000	0.01927656	
7.080000	0.02001566	
7.100000	0.01706319	
7.120000	0.01026689	
7.140000	-0.00006299	
7.160000	-0.00842008	
7.180000	-0.01492380	
7.200000	-0.01782142	
7.220000	-0.01600768	
7.240000	-0.01197439	
7.260000	-0.00474270	
7.280000	0.00082651	
7.300000	0.00897999	
7.320000	0.01723085	
7.340000	0.02639362	
7.360000	0.03193159	
7.380000	0.03423744	
7.400000	0.03375518	
7.420000	0.02987581	
7.440000	0.02206199	
7.460000	0.01088803	
7.480000	-0.00096215	
7.500000	-0.01079457	
7.520000	-0.01674308	
7.540000	-0.01800080	
7.560000	-0.01740594	
7.580000	-0.01377313	
7.600000	-0.01006697	
7.620000	-0.00282457	
7.640000	0.00192191	
7.660000	0.00978051	
7.680000	0.01476823	
7.700000	0.02181357	
7.720000	0.02505536	
7.740000	0.02609280	
7.760000	0.02451311	
7.780000	0.01894391	
7.800000	0.01117364	
7.820000	-0.00075585	
7.840000	-0.00992334	
7.860000	-0.01603809	
7.880000	-0.01795332	
7.900000	-0.01654911	
7.920000	-0.01445675	
7.940000	-0.01033717	
7.960000	-0.00794153	
7.980000	-0.00125597	
8.000000	0.00555676	
8.020000	0.01623121	
8.040000	0.02285430	
8.059999	0.02776188	
8.080000	0.02844015	
8.099999	0.02688409	
8.120000	0.02235705	
8.139999	0.01396154	
8.160000	0.00472397	
8.179999	-0.00561617	
8.200000	-0.01234919	
8.220000	-0.01662308	
8.240000	-0.01723827	
8.260000	-0.01460223	
8.280000	-0.01084881	
8.300000	-0.00449695	
8.320000	-0.00010450	
8.340000	0.00718147	
8.360000	0.01253943	
8.380000	0.01897657	
8.400000	0.02178089	
8.420000	0.02380854	
8.440000	0.02347587	
8.460000	0.01960696	
8.480000	0.01341251	
8.500000	0.00322092	
8.520000	-0.00542918	
8.540000	-0.01332931	
8.559999	-0.01693623	
8.580000	-0.01871420	
8.599999	-0.01825209	
8.620000	-0.01506311	
8.639999	-0.01085620	
8.660000	-0.00436072	
8.679999	0.00059639	
8.700000	0.00835945	
8.720000	0.01414955	
8.740000	0.02113180	
8.760000	0.02452359	
8.780000	0.02576321	
8.800000	0.02189432	
8.820000	0.01377538	
8.840000	0.00440611	
8.860000	-0.00662053	
8.880000	-0.01364616	
8.900000	-0.01816744	
8.920000	-0.01831701	
8.940000	-0.01517859	
8.960000	-0.01140565	
8.980000	-0.00505604	
9.000000	-0.00018217	
9.020000	0.00758091	
9.040000	0.01467495	
9.059999	0.02276801	
9.080000	0.02733757	
9.099999	0.03116065	
9.120000	0.03235385	
9.139999	0.03011581	
9.160000	0.02574883	
9.179999	0.01657559	
9.200000	0.00843260	
9.220000	-0.00272082	
9.240000	-0.00996649	
9.260000	-0.01578823	
9.280000	-0.01766360	
9.300000	-0.01576830	
9.320000	-0.01173154	
9.340000	-0.00414373	
9.360000	0.00166793	
9.380000	0.00957216	
9.400000	0.01445138	
9.420000	0.02044366	
9.440000	0.02326547	
9.460000	0.02390572	
9.480000	0.01921472	
9.500000	0.01114137	
9.520000	0.00107966	
9.540000	-0.00890562	
9.559999	-0.01554823	
9.580000	-0.01896344	
9.599999	-0.01908323	
9.620000	-0.01725450	
9.639999	-0.01501009	
9.660000	-0.01090038	
9.679999	-0.00827090	
9.700000	-0.00136817	
9.719999	0.00593771	
9.740000	0.01618046	
9.760000	0.02215014	
9.780000	0.02543652	
9.800000	0.02527131	
9.820000	0.02363162	
9.840000	0.01946807	
9.860000	0.01156713	
9.880000	0.00289339	
9.900000	-0.00630102	
9.920000	-0.01219139	
9.940000	-0.01652794	
9.960000	-0.01762334	
9.980000	-0.01697773	
10.000000	-0.01542988	
10.020000	-0.01147242	
10.040000	-0.00786756	
10.059999	-0.00143556	
10.080000	0.00371858	
10.099999	0.01089008	
10.120000	0.01502590	
10.139999	0.01889253	
10.160000	0.01978718	
10.179999	0.01804720	
10.200000	0.01415960	
10.219999	0.00616908	
10.240000	-0.00177789	
10.260000	-0.01059894	
10.280000	-0.01538241	
10.300000	-0.01694383	
10.320000	-0.01627500	
10.340000	-0.01293808	
10.360000	-0.00955184	
10.380000	-0.00303170	
10.400000	0.00187033	
10.420000	0.00917046	
10.440000	0.01347558	
10.460000	0.01874809	
10.480000	0.02089921	
10.500000	0.02201946	
10.520000	0.01983978	
10.540000	0.01411523	
10.559999	0.00648941	
10.580000	-0.00405866	
10.599999	-0.01143132	
10.620000	-0.01646198	
10.639999	-0.01733649	
10.660000	-0.01478797	
10.679999	-0.01163763	
10.700000	-0.00525720	
10.719999	-0.00076982	
10.740000	0.00757289	
10.760000	0.01301634	
10.780000	0.01964375	
10.800000	0.02209179	
10.820000	0.02411942	
10.840000	0.02384634	
10.860000	0.02069598	
10.880000	0.01625711	
10.900000	0.00824501	
10.920000	0.00066358	
10.940000	-0.00887439	
10.960000	-0.01483873	
10.980000	-0.01819250	
11.000000	-0.01803963	
11.020000	-0.01500003	
11.040000	-0.01150858	
11.059999	-0.00541522	
11.080000	-0.00139098	
11.099999	0.00590526	
11.120000	0.01070084	
11.139999	0.01570129	
11.160000	0.01688339	
11.179999	0.01665984	
11.200000	0.01424919	
11.219999	0.00820391	
11.240000	0.00005044	
11.259999	-0.00969897	
11.280000	-0.01577446	
11.300000	-0.01842715	
11.320000	-0.01838811	
11.340000	-0.01575042	
11.360000	-0.01309054	
11.380000	-0.00903240	
11.400000	-0.00712436	
11.420000	-0.00143617	
11.440000	0.00413303	
11.460000	0.01219937	
11.480000	0.01656942	
11.500000	0.02105825	
11.520000	0.02256171	
11.540000	0.02330963	
11.559999	0.02253848	
11.580000	0.01746777	
11.599999	0.01035482	
11.620000	-0.00067736	
11.639999	-0.00838618	
11.660000	-0.01462586	
11.679999	-0.01675664	
11.700000	-0.01627973	
11.719999	-0.01464742	
11.740000	-0.01071319	
11.759999	-0.00804016	
11.780000	-0.00183830	
11.800000	0.00266860	
11.820000	0.01030284	
11.840000	0.01463960	
11.860000	0.01888965	
11.880000	0.01964149	
11.900000	0.01703934	
11.920000	0.01018715	
11.940000	-0.00015914	
11.960000	-0.00909323	
11.980000	-0.01496284	
12.000000	-0.01733752	
12.020000	-0.01534276	
12.040000	-0.01228364	
12.059999	-0.00691067	
12.080000	-0.00204295	
12.099999	0.00582285	
12.120000	0.01254046	
12.139999	0.02064011	
12.160000	0.02554213	
12.179999	0.03107353	
12.200000	0.03306869	
12.219999	0.03336787	
12.240000	0.03133613	
12.259999	0.02568328	
12.280000	0.01896240	
12.300000	0.00902416	
12.320000	-0.00011210	
12.340000	-0.00893173	
12.360000	-0.01423812	
12.380000	-0.01704143	
12.400000	-0.01759641	
12.420000	-0.01474524	
12.440000	-0.01139742	
12.460000	-0.00740729	
12.480000	-0.00604890	
12.500000	-0.00197946	
12.520000	0.00184731	
12.540000	0.00585717	
12.559999	0.00697434	
12.580000	0.00544478	
12.599999	0.00286484	
12.620000	-0.00347388	
12.639999	-0.00817229	
12.660000	-0.01432340	
12.679999	-0.01666521	
12.700000	-0.01845057	
12.719999	-0.01841749	
12.740000	-0.01694301	
12.759999	-0.01541775	
12.780000	-0.01151660	
12.799999	-0.00873776	
12.820000	-0.00249253	
12.840000	0.00160341	
12.860000	0.00749850	
12.880000	0.00989929	
12.900000	0.01171733	
12.920000	0.01132713	
12.940000	0.00705735	
12.960000	0.00106980	
12.980000	-0.00836132	
13.000000	-0.01407026	
13.020000	-0.01809695	
13.040000	-0.01859769	
13.059999	-0.01721115	
13.080000	-0.01525626	
13.099999	-0.01130947	
13.120000	-0.00861159	
13.139999	-0.00291951	
13.160000	0.00137720	
13.179999	0.00886039	
13.200000	0.01318298	
13.219999	0.01831658	
13.240000	0.01981080	
13.259999	0.02155653	
13.280000	0.02166173	
13.299999	0.01825926	
13.320000	0.01143563	
13.340000	0.00137720	
13.360000	-0.00800626	
13.380000	-0.01468113	
13.400000	-0.01793155	
13.420000	-0.01724978	
13.440000	-0.01591049	
13.460000	-0.01222056	
13.480000	-0.00863665	
13.500000	-0.00221288	
13.520000	0.00268422	
13.540000	0.00955409	
13.559999	0.01334429	
13.580000	0.01623820	
13.599999	0.01620039	
13.620000	0.01418796	
13.639999	0.01035914	
13.660000	0.00265668	
13.679999	-0.00474352	
13.700000	-0.01261261	
13.719999	-0.01664239	
13.740000	-0.01809777	
13.759999	-0.01719101	
13.780000	-0.01308109	
13.799999	-0.00875686	
13.820000	-0.00123049	
13.840000	0.00523293	
13.860000	0.01512823	
13.880000	0.02221589	
13.900000	0.02859960	
13.920000	0.03043532	
13.940000	0.03031039	
13.960000	0.02622554	
13.980000	0.01763831	
14.000000	0.00770850	
14.020000	-0.00459988	
14.040000	-0.01260747	
14.059999	-0.01785675	
14.080000	-0.01817113	
14.099999	-0.01504277	
14.120000	-0.01081634	
14.139999	-0.00500406	
14.160000	-0.00159584	
14.179999	0.00421502	
14.200000	0.00948833	
14.219999	0.01627436	
14.240000	0.01981902	
14.259999	0.02278115	
14.280000	0.02339286	
14.299999	0.02339286	
14.320000	0.02260712	
14.340000	0.01773056	
14.360000	0.01043557	
14.380000	-0.00008333	
14.400000	-0.00798613	
14.420000	-0.01434743	
14.440000	-0.01743039	
14.460000	-0.01779716	
14.480000	-0.01676875	
14.500000	-0.01290521	
14.520000	-0.00970718	
14.540000	-0.00362387	
14.559999	0.00097343	
14.580000	0.00826164	
14.599999	0.01264463	
14.620000	0.01676320	
14.639999	0.01761407	
14.660000	0.01656923	
14.679999	0.01435913	
14.700000	0.00885300	
14.719999	0.00416899	
14.740000	-0.00411455	
14.759999	-0.00971951	
14.780000	-0.01541077	
14.799999	-0.01718876	
14.820000	-0.01661485	
14.839999	-0.01392230	
14.860000	-0.00807735	
14.880000	-0.00179967	
14.900000	0.00684510	
14.920000	0.01418406	
14.940000	0.02224712	
14.960000	0.02698539	
14.980000	0.03175612	
15.000000	0.03337526	
15.020000	0.03299925	
15.040000	0.02870193	
15.059999	0.02064565	
15.080000	0.01071399	
15.099999	-0.00116517	
15.120000	-0.00992294	
15.139999	-0.01515968	
15.160000	-0.01640651	
15.179999	-0.01373100	
15.200000	-0.00934370	
15.219999	-0.00094119	
15.240000	0.00752768	
15.259999	0.01811501	
15.280000	0.02661513	
15.299999	0.03444250	
15.320000	0.03878996	
15.339999	0.03931022	
15.360000	0.03507043	
15.380000	0.02642691	
15.400000	0.01647244	
15.420000	0.00417967	
15.440000	-0.00615801	
15.460000	-0.01415840	
15.480000	-0.01745752	
15.500000	-0.01571940	
15.520000	-0.01254500	
15.540000	-0.00753489	
15.559999	-0.00368573	
15.580000	0.00289771	
15.599999	0.00879587	
15.620000	0.01508795	
15.639999	0.01808049	
15.660000	0.01890424	
15.679999	0.01708271	
15.700000	0.01185787	
15.719999	0.00487520	
15.740000	-0.00518221	
15.759999	-0.01183632	
15.780000	-0.01634692	
15.799999	-0.01689102	
15.820000	-0.01422662	
15.839999	-0.00988944	
15.860000	-0.00232384	
15.880000	0.00389878	
15.900000	0.01167171	
15.920000	0.01614922	
15.940000	0.01897554	
15.960000	0.01903595	
15.980000	0.01476124	
16.000000	0.00752933	
16.020000	-0.00374100	
16.039999	-0.01067600	
16.059999	-0.01533845	
16.080000	-0.01580529	
16.100000	-0.01306260	
16.119999	-0.00934473	
16.139999	-0.00165810	
16.160000	0.00484726	
16.180000	0.01259142	
16.199999	0.01639149	
16.219999	0.01632266	
16.240000	0.01274142	
16.260000	0.00418049	
16.279999	-0.00512961	
16.299999	-0.01391676	
16.320000	-0.01775339	
16.340000	-0.01720457	
16.359999	-0.01430285	
16.379999	-0.00856721	
16.400000	-0.00238301	
16.420000	0.00660202	
16.440001	0.01590861	
16.459999	0.02645341	
16.480000	0.03337629	
16.500000	0.03736600	
16.520000	0.03787681	
16.539999	0.03519331	
16.559999	0.02969828	
16.580000	0.01988970	
16.600000	0.00953189	
16.619999	-0.00201048	
16.639999	-0.01049991	
16.660000	-0.01581453	
16.680000	-0.01735622	
16.699999	-0.01549995	
16.719999	-0.01321054	
16.740000	-0.00953110	
16.760000	-0.00774428	
16.779999	-0.00250773	
16.799999	0.00167225	
16.820000	0.00869808	
16.840000	0.01214390	
16.859999	0.01444112	
16.879999	0.01362763	
16.900000	0.00963750	
16.920000	0.00455959	
16.940001	-0.00449120	
16.959999	-0.01102449	
16.980000	-0.01619343	
17.000000	-0.01737224	
17.020000	-0.01637034	
17.039999	-0.01482886	
17.059999	-0.01083873	
17.080000	-0.00813550	
17.100000	-0.00206020	
17.119999	0.00230430	
17.139999	0.01050462	
17.160000	0.01540890	
17.180000	0.02217460	
17.199999	0.02499393	
17.219999	0.02594465	
17.240000	0.02270369	
17.260000	0.01505631	
17.279999	0.00720674	
17.299999	-0.00317040	
17.320000	-0.01024348	
17.340000	-0.01601158	
17.359999	-0.01765950	
17.379999	-0.01557392	
17.400000	-0.01210447	
17.420000	-0.00675204	
17.440001	-0.00267540	
17.459999	0.00370379	
17.480000	0.00974168	
17.500000	0.01663724	
17.520000	0.02053633	
17.539999	0.02289397	
17.559999	0.02289397	
17.580000	0.01980196	
17.600000	0.01452988	
17.619999	0.00503197	
17.639999	-0.00408332	
17.660000	-0.01268494	
17.680000	-0.01702191	
17.699999	-0.01811442	
17.719999	-0.01757032	
17.740000	-0.01392724	
17.760000	-0.01076867	
17.779999	-0.00650258	
17.799999	-0.00538316	
17.820000	-0.00060955	
17.840000	0.00308695	
17.859999	0.01016435	
17.879999	0.01377454	
17.900000	0.01640956	
17.920000	0.01557821	
17.940001	0.01194932	
17.959999	0.00736660	
17.980000	-0.00115940	
18.000000	-0.00801489	
18.020000	-0.01418737	
18.039999	-0.01634692	
18.059999	-0.01524331	
18.080000	-0.01264507	
18.100000	-0.00885898	
18.119999	-0.00695792	
18.139999	-0.00138871	
18.160000	0.00406748	
18.180000	0.01187390	
18.199999	0.01591109	
18.219999	0.01998094	
18.240000	0.02121276	
18.260000	0.01895869	
18.279999	0.01343551	
18.299999	0.00350694	
18.320000	-0.00517564	
18.340000	-0.01327568	
18.359999	-0.01711211	
18.379999	-0.01736155	
18.400000	-0.01584145	
18.420000	-0.01133271	
18.440001	-0.00766805	
18.459999	-0.00149310	
18.480000	0.00259545	
18.500000	0.00970799	
18.520000	0.01445796	
18.539999	0.01958786	
18.559999	0.02100728	
18.580000	0.02086674	
18.600000	0.01767817	
18.619999	0.01069590	
18.639999	0.00169465	
18.660000	-0.00860645	
18.680000	-0.01507914	
18.699999	-0.01786025	
18.719999	-0.01747991	
18.740000	-0.01418121	
18.760000	-0.01102223	
18.779999	-0.00482385	
18.799999	-0.00016367	
18.820000	0.00736494	
18.840000	0.01251888	
18.859999	0.01804946	
18.879999	0.02042414	
18.900000	0.02202891	
18.920000	0.02181315	
18.939999	0.01833282	
18.959999	0.01219404	
18.980000	0.00233984	
19.000000	-0.00612904	
19.020000	-0.01308766	
19.039999	-0.01629144	
19.059999	-0.01663828	
19.080000	-0.01545310	
19.100000	-0.01178639	
19.119999	-0.00866377	
19.139999	-0.00305882	
19.160000	0.00119123	
19.180000	0.00873733	
19.199999	0.01380269	
19.219999	0.01898150	
19.240000	0.02043052	
19.260000	0.02019812	
19.279999	0.01753804	
19.299999	0.01087652	
19.320000	0.00419734	
19.340000	-0.00540926	
19.359999	-0.01101401	
19.379999	-0.01619774	
19.400000	-0.01720828	
19.420000	-0.01583077	
19.439999	-0.01340821	
19.459999	-0.00944068	
19.480000	-0.00719668	
19.500000	-0.00125927	
19.520000	0.00471391	
19.539999	0.01277697	
19.559999	0.01723352	
19.580000	0.02120289	
19.600000	0.02241705	
19.619999	0.02109544	
19.639999	0.01665121	
19.660000	0.00807075	
19.680000	-0.00075975	
19.699999	-0.01035464	
19.719999	-0.01595590	
19.740000	-0.01813230	
19.760000	-0.01745854	
19.779999	-0.01396751	
19.799999	-0.01022580	
19.820000	-0.00320470	
19.840000	0.00114150	
19.859999	0.00510781	
19.879999	0.00570367	
19.900000	0.00399391	
19.920000	0.00136404	
19.939999	-0.00529110	
19.959999	-0.00964041	
19.980000	-0.01499078	
20.000000	-0.01629144	
20.020000	-0.01564707	
20.039999	-0.01370656	
20.059999	-0.00997677	
20.080000	-0.00819242	
20.100000	-0.00260657	
20.119999	0.00161986	
20.139999	0.00902006	
20.160000	0.01264732	
20.180000	0.01683448	
20.199999	0.01786207	
20.219999	0.01762618	
20.240000	0.01637711	
20.260000	0.01186486	
20.279999	0.00662112	
20.299999	-0.00213788	
20.320000	-0.00998807	
20.340000	-0.01638760	
20.359999	-0.01923776	
20.379999	-0.01903248	
20.400000	-0.01833305	
20.420000	-0.01510297	
20.439999	-0.01250802	
20.459999	-0.00869603	
20.480000	-0.00719997	
20.500000	-0.00233555	
20.520000	0.00140493	
20.539999	0.00573409	
20.559999	0.00661537	
20.580000	0.00561799	
20.600000	0.00278491	
20.619999	-0.00332512	
20.639999	-0.01030779	
20.660000	-0.01616281	
20.680000	-0.01873988	
20.699999	-0.01843640	
20.719999	-0.01823400	
20.740000	-0.01670156	
20.760000	-0.01534276	
20.779999	-0.01106784	
20.799999	-0.00764792	
20.820000	-0.00042771	
20.840000	0.00680441	
20.859999	0.01711805	
20.879999	0.02383237	
20.900000	0.02807236	
20.920000	0.02875577	
20.939999	0.02712347	
20.959999	0.02401154	
20.980000	0.01716942	
21.000000	0.00943923	
21.020000	-0.00105625	
21.039999	-0.00920562	
21.059999	-0.01496284	
21.080000	-0.01695779	
21.100000	-0.01638350	
21.119999	-0.01519811	
21.139999	-0.01180509	
21.160000	-0.00926068	
21.180000	-0.00360826	
21.199999	0.00077330	
21.219999	0.00831959	
21.240000	0.01321195	
21.260000	0.01774618	
21.279999	0.01877911	
21.299999	0.01808132	
21.320000	0.01485454	
21.340000	0.00809686	
21.359999	-0.00024669	
21.379999	-0.00976266	
21.400000	-0.01597233	
21.420000	-0.01852085	
21.439999	-0.01794654	
21.459999	-0.01402463	
21.480000	-0.01085168	
21.500000	-0.00440674	
21.520000	0.00013591	
21.539999	0.00795262	
21.559999	0.01271778	
21.580000	0.01778153	
21.600000	0.01950444	
21.619999	0.01956403	
21.639999	0.01610833	
21.660000	0.00958717	
21.680000	0.00242779	
21.699999	-0.00673847	
21.719999	-0.01281027	
21.740000	-0.01713862	
21.760000	-0.01743615	
21.779999	-0.01500763	
21.799999	-0.01212932	
21.820000	-0.00832947	
21.840000	-0.00650793	
21.859999	-0.00150193	
21.879999	0.00286812	
21.900000	0.00985038	
21.920000	0.01377454	
21.939999	0.01690949	
21.959999	0.01667196	
21.980000	0.01420194	
22.000000	0.00899848	
22.020000	0.00058693	
