Time	Left_Hand_y_baseline X
0.000000	-0.00429940	
0.020000	-0.00485116	
0.040000	-0.00508487	
0.060000	-0.00427812	
0.080000	-0.00154215	
0.100000	0.00552499	
0.120000	0.01203752	
0.140000	0.01612747	
0.160000	0.01391995	
0.180000	0.00642449	
0.200000	-0.00033861	
0.220000	-0.00533128	
0.240000	-0.00524598	
0.260000	-0.00419009	
0.280000	0.00085723	
0.300000	0.01149392	
0.320000	0.02144718	
0.340000	0.02658981	
0.360000	0.02250534	
0.380000	0.01115799	
0.400000	0.00096822	
0.420000	-0.00558406	
0.440000	-0.00539970	
0.460000	-0.00513750	
0.480000	-0.00462204	
0.500000	0.00002474	
0.520000	0.00666273	
0.540000	0.01353025	
0.560000	0.01626623	
0.580000	0.01209134	
0.600000	0.00516921	
0.620000	-0.00221378	
0.640000	-0.00493890	
0.660000	-0.00524598	
0.680000	-0.00495470	
0.700000	-0.00238794	
0.720000	0.00256038	
0.740000	0.00778854	
0.760000	0.00997537	
0.780000	0.00458962	
0.800000	-0.00111443	
0.820000	-0.00571448	
0.840000	-0.00527704	
0.860000	-0.00463170	
0.880000	-0.00186741	
0.900000	0.00453120	
0.920000	0.01066077	
0.940000	0.01288396	
0.960000	0.00752032	
0.980000	0.00082767	
1.000000	-0.00438094	
1.020000	-0.00547880	
1.040000	-0.00528562	
1.060000	-0.00355273	
1.080000	-0.00057411	
1.100000	0.00470996	
1.120000	0.00837010	
1.140000	0.00837350	
1.160000	0.00291318	
1.180000	-0.00259668	
1.200000	-0.00585401	
1.220000	-0.00561512	
1.240000	-0.00512838	
1.260000	-0.00106239	
1.280000	0.00305080	
1.300000	0.00679260	
1.320000	0.00607002	
1.340000	0.00180316	
1.360000	-0.00215000	
1.380000	-0.00521791	
1.400000	-0.00512713	
1.420000	-0.00470901	
1.440000	-0.00324702	
1.460000	0.00156897	
1.480000	0.00611651	
1.500000	0.00917810	
1.520000	0.00696570	
1.540000	0.00198776	
1.560000	-0.00238436	
1.580000	-0.00492525	
1.600000	-0.00491285	
1.620000	-0.00229579	
1.640000	0.00341696	
1.660000	0.01081467	
1.680000	0.01542908	
1.700000	0.01377523	
1.720000	0.00620127	
1.740000	-0.00138980	
1.760000	-0.00571972	
1.780000	-0.00527298	
1.800000	-0.00432503	
1.820000	0.00167137	
1.840000	0.00900990	
1.860000	0.01581365	
1.880000	0.01615208	
1.900000	0.00854295	
1.920000	0.00104177	
1.940000	-0.00508487	
1.960000	-0.00508487	
1.980000	-0.00376445	
2.000000	0.00097370	
2.020000	0.01021183	
2.040000	0.01822829	
2.060000	0.02174717	
2.080000	0.01798040	
2.100000	0.00823128	
2.120000	-0.00039554	
2.140000	-0.00586683	
2.160000	-0.00534552	
2.180000	-0.00242168	
2.200000	0.00487852	
2.220000	0.01645434	
2.240000	0.02573663	
2.260000	0.02699679	
2.280000	0.01847875	
2.300000	0.00629556	
2.320000	-0.00258178	
2.340000	-0.00580335	
2.360000	-0.00530505	
2.380000	-0.00149560	
2.400000	0.00655049	
2.420000	0.01659739	
2.440000	0.02293932	
2.460000	0.01954609	
2.480000	0.00920933	
2.500000	-0.00088918	
2.520000	-0.00579399	
2.540000	-0.00551152	
2.560000	-0.00458497	
2.580000	0.00281978	
2.600000	0.01220691	
2.620000	0.02140391	
2.640000	0.02102160	
2.660000	0.01112086	
2.680000	0.00092143	
2.700000	-0.00610119	
2.720000	-0.00599539	
2.740000	-0.00501263	
2.760000	-0.00157046	
2.780000	0.00778061	
2.800000	0.01651692	
2.820000	0.02088249	
2.840000	0.01521581	
2.860000	0.00489599	
2.880000	-0.00357687	
2.900000	-0.00792623	
2.920000	-0.00787169	
2.940000	-0.00625551	
2.960000	-0.00222611	
2.980000	0.00774664	
3.000000	0.01756144	
3.020000	0.02422279	
3.040000	0.02311128	
3.060000	0.01395023	
3.080000	0.00403023	
3.100000	-0.00439423	
3.120000	-0.00618398	
3.140000	-0.00555909	
3.160000	-0.00404525	
3.180000	0.00214666	
3.200000	0.00907069	
3.220000	0.01574707	
3.240000	0.01687008	
3.260000	0.01061016	
3.280000	0.00288051	
3.300000	-0.00416130	
3.320000	-0.00553608	
3.340000	-0.00578451	
3.360000	-0.00326145	
3.380000	0.00424409	
3.400000	0.01332349	
3.420000	0.01795340	
3.440000	0.01399952	
3.460000	0.00481695	
3.480000	-0.00249988	
3.500000	-0.00590515	
3.520000	-0.00549865	
3.540000	-0.00364214	
3.560000	0.00097573	
3.580000	0.00946933	
3.600000	0.01685202	
3.620000	0.01963675	
3.640000	0.01497453	
3.660000	0.00542849	
3.680000	-0.00252283	
3.700000	-0.00686997	
3.720000	-0.00637972	
3.740000	-0.00492626	
3.760000	-0.00133502	
3.780000	0.00618058	
3.800000	0.01271880	
3.820000	0.01617134	
3.840000	0.01298493	
3.860000	0.00504959	
3.880000	-0.00213534	
3.900000	-0.00675702	
3.920000	-0.00661576	
3.940000	-0.00510949	
3.960000	-0.00198501	
3.980000	0.00374830	
4.000000	0.00811648	
4.020000	0.00727355	
4.040000	0.00183284	
4.060000	-0.00411278	
4.080000	-0.00660676	
4.100000	-0.00631422	
4.120000	-0.00551683	
4.140000	-0.00025821	
4.160000	0.00616407	
4.180000	0.01357174	
4.200000	0.01425868	
4.220000	0.00703901	
4.240000	-0.00157136	
4.260000	-0.00730455	
4.280000	-0.00709224	
4.300000	-0.00528562	
4.320000	-0.00326526	
4.340000	0.00297636	
4.360000	0.01025075	
4.380000	0.01657254	
4.400000	0.01669830	
4.420000	0.00841981	
4.440000	-0.00053996	
4.460000	-0.00752491	
4.480000	-0.00967020	
4.500000	-0.00855047	
4.520000	-0.00727767	
4.540000	-0.00101078	
4.560000	0.00422043	
4.580000	0.00856423	
4.600000	0.00734890	
4.620000	0.00155711	
4.640000	-0.00350034	
4.660000	-0.00659156	
4.680000	-0.00639188	
4.700000	-0.00398546	
4.720000	0.00098348	
4.740000	0.00625849	
4.760000	0.00900966	
4.780000	0.00404084	
4.800000	-0.00199306	
4.820000	-0.00770992	
4.840000	-0.00738215	
4.860000	-0.00610936	
4.880000	-0.00467265	
4.900000	-0.00039327	
4.920000	0.00579637	
4.940000	0.01183677	
4.960000	0.01359707	
4.980000	0.00725430	
5.000000	0.00053602	
5.020000	-0.00583136	
5.040000	-0.00633335	
5.060000	-0.00597262	
5.080000	-0.00531733	
5.100000	-0.00052720	
5.120000	0.00447816	
5.140000	0.00830036	
5.160000	0.00499666	
5.180000	-0.00070840	
5.200000	-0.00538355	
5.220000	-0.00654238	
5.240000	-0.00586450	
5.260000	-0.00080723	
5.280000	0.00606108	
5.300000	0.01300681	
5.320000	0.01398611	
5.340000	0.00651735	
5.360000	-0.00118178	
5.380000	-0.00702053	
5.400000	-0.00674754	
5.420000	-0.00521880	
5.440000	-0.00339574	
5.460000	0.00267643	
5.480000	0.00836724	
5.500000	0.01365137	
5.520000	0.01336360	
5.540000	0.00672412	
5.560000	-0.00007582	
5.580000	-0.00618792	
5.600000	-0.00682271	
5.620000	-0.00677884	
5.640000	-0.00593549	
5.660000	-0.00176090	
5.680000	0.00318462	
5.700000	0.00682062	
5.720000	0.00563556	
5.740000	-0.00019753	
5.760000	-0.00488585	
5.780000	-0.00808436	
5.800000	-0.00808436	
5.820000	-0.00689256	
5.840000	-0.00553685	
5.860000	-0.00008613	
5.880000	0.00455517	
5.900000	0.00777489	
5.920000	0.00449860	
5.940000	-0.00133437	
5.960000	-0.00590968	
5.980000	-0.00789881	
6.000000	-0.00771320	
6.020000	-0.00684905	
6.040000	-0.00601786	
6.060000	-0.00117451	
6.080000	0.00364983	
6.100000	0.00754744	
6.120000	0.00556505	
6.140000	-0.00024217	
6.160000	-0.00527501	
6.180000	-0.00832158	
6.200000	-0.00820309	
6.220000	-0.00696278	
6.240000	-0.00513899	
6.260000	0.00101787	
6.280000	0.00698507	
6.300000	0.01209682	
6.320000	0.01155454	
6.340000	0.00430018	
6.360000	-0.00263518	
6.380000	-0.00822890	
6.400000	-0.00787789	
6.420000	-0.00748247	
6.440000	-0.00696677	
6.460000	-0.00459969	
6.480000	0.00018275	
6.500000	0.00802207	
6.520000	0.01437008	
6.540000	0.01810825	
6.560000	0.01796782	
6.580000	0.01237792	
6.600000	0.00358903	
6.620000	-0.00443751	
6.640000	-0.00753933	
6.660000	-0.00766641	
6.680000	-0.00787544	
6.700000	-0.00690430	
6.720000	-0.00500262	
6.740000	0.00077587	
6.760000	0.00601906	
6.780000	0.01038736	
6.800000	0.01087874	
6.820000	0.00648874	
6.840000	0.00034606	
6.860000	-0.00571483	
6.880000	-0.00753933	
6.900000	-0.00693202	
6.920000	-0.00640672	
6.940000	-0.00325805	
6.960000	0.00232869	
6.980000	0.00966620	
7.000000	0.01421630	
7.020000	0.01218826	
7.040000	0.00446802	
7.060000	-0.00355840	
7.080000	-0.00796998	
7.100000	-0.00832158	
7.120000	-0.00820309	
7.140000	-0.00754780	
7.160000	-0.00701112	
7.180000	-0.00216097	
7.200000	0.00391114	
7.220000	0.01219267	
7.240000	0.01616043	
7.260000	0.01731056	
7.280000	0.01365095	
7.300000	0.00501847	
7.320000	-0.00274044	
7.340000	-0.00789881	
7.360000	-0.00808436	
7.380000	-0.00787544	
7.400000	-0.00766641	
7.420000	-0.00478971	
7.440000	0.00070810	
7.460000	0.00922602	
7.480000	0.01525015	
7.500000	0.01841152	
7.520000	0.01719534	
7.540000	0.00970680	
7.560000	0.00137520	
7.580000	-0.00592673	
7.600000	-0.00712979	
7.620000	-0.00707132	
7.640000	-0.00654602	
7.660000	-0.00323468	
7.680000	0.00282222	
7.700000	0.01198506	
7.720000	0.01834971	
7.740000	0.02073956	
7.760000	0.01635194	
7.780000	0.00646698	
7.800000	-0.00208956	
7.820000	-0.00724721	
7.840000	-0.00689560	
7.860000	-0.00634247	
7.880000	-0.00565547	
7.900000	-0.00132257	
7.920000	0.00519574	
7.940000	0.01324248	
7.960000	0.01764309	
7.980000	0.01619762	
8.000000	0.00853342	
8.020000	-0.00022006	
8.040000	-0.00597984	
8.059999	-0.00706905	
8.080000	-0.00704920	
8.099999	-0.00640357	
8.120000	-0.00554359	
8.139999	-0.00091594	
8.160000	0.00484800	
8.179999	0.01137680	
8.200000	0.01398700	
8.220000	0.01163918	
8.240000	0.00453973	
8.260000	-0.00251299	
8.280000	-0.00638980	
8.300000	-0.00650108	
8.320000	-0.00636888	
8.340000	-0.00533152	
8.360000	-0.00202888	
8.380000	0.00535077	
8.400000	0.01300418	
8.420000	0.01894224	
8.440000	0.02048951	
8.460000	0.01609868	
8.480000	0.00717694	
8.500000	-0.00172859	
8.520000	-0.00584346	
8.540000	-0.00561494	
8.559999	-0.00537217	
8.580000	-0.00410396	
8.599999	-0.00280213	
8.620000	0.00258940	
8.639999	0.00706804	
8.660000	0.01149559	
8.679999	0.01188380	
8.700000	0.00862050	
8.720000	0.00231528	
8.740000	-0.00425696	
8.760000	-0.00730771	
8.780000	-0.00745785	
8.800000	-0.00724655	
8.820000	-0.00625002	
8.840000	-0.00527734	
8.860000	-0.00099725	
8.880000	0.00293863	
8.900000	0.00744337	
8.920000	0.00862068	
8.940000	0.00570863	
8.960000	0.00038147	
8.980000	-0.00528741	
9.000000	-0.00730771	
9.020000	-0.00754559	
9.040000	-0.00768584	
9.059999	-0.00752211	
9.080000	-0.00742733	
9.099999	-0.00454277	
9.120000	0.00004381	
9.139999	0.00520700	
9.160000	0.00769877	
9.179999	0.00496864	
9.200000	0.00014454	
9.220000	-0.00490004	
9.240000	-0.00672311	
9.260000	-0.00720775	
9.280000	-0.00733054	
9.300000	-0.00668496	
9.320000	-0.00583941	
9.340000	-0.00166482	
9.360000	0.00310719	
9.380000	0.00833839	
9.400000	0.01017511	
9.420000	0.00739944	
9.440000	0.00175089	
9.460000	-0.00411761	
9.480000	-0.00675970	
9.500000	-0.00687087	
9.520000	-0.00668597	
9.540000	-0.00590026	
9.559999	-0.00511134	
9.580000	-0.00086725	
9.599999	0.00337183	
9.620000	0.00692296	
9.639999	0.00648153	
9.660000	0.00098652	
9.679999	-0.00398231	
9.700000	-0.00796998	
9.719999	-0.00749958	
9.740000	-0.00664681	
9.760000	-0.00626415	
9.780000	-0.00474817	
9.800000	-0.00254738	
9.820000	0.00105238	
9.840000	0.00356066	
9.860000	0.00280011	
9.880000	-0.00105196	
9.900000	-0.00528741	
9.920000	-0.00730771	
9.940000	-0.00779915	
9.960000	-0.00793934	
9.980000	-0.00809383	
10.000000	-0.00808436	
10.020000	-0.00647283	
10.040000	-0.00362796	
10.059999	0.00254554	
10.080000	0.00710744	
10.099999	0.01114088	
10.120000	0.01138616	
10.139999	0.00610775	
10.160000	0.00014824	
10.179999	-0.00607741	
10.200000	-0.00676340	
10.219999	-0.00728697	
10.240000	-0.00708467	
10.260000	-0.00655925	
10.280000	-0.00622034	
10.300000	-0.00325805	
10.320000	0.00186795	
10.340000	0.00873452	
10.360000	0.01297754	
10.380000	0.01375115	
10.400000	0.01044333	
10.420000	0.00310594	
10.440000	-0.00334233	
10.460000	-0.00723976	
10.480000	-0.00710809	
10.500000	-0.00689822	
10.520000	-0.00689822	
10.540000	-0.00550109	
10.559999	-0.00272739	
10.580000	0.00205517	
10.599999	0.00542283	
10.620000	0.00552827	
10.639999	0.00234962	
10.660000	-0.00281066	
10.679999	-0.00608516	
10.700000	-0.00787544	
10.719999	-0.00766641	
10.740000	-0.00766641	
10.760000	-0.00787544	
10.780000	-0.00748920	
10.800000	-0.00689417	
10.820000	-0.00479871	
10.840000	-0.00332153	
10.860000	-0.00197589	
10.880000	-0.00229108	
10.900000	-0.00434250	
10.920000	-0.00628316	
10.940000	-0.00806344	
10.960000	-0.00808436	
10.980000	-0.00808436	
11.000000	-0.00808436	
11.020000	-0.00809383	
11.040000	-0.00809383	
11.059999	-0.00810325	
11.080000	-0.00809383	
11.099999	-0.00826329	
11.120000	-0.00825387	
11.139999	-0.00842327	
11.160000	-0.00825387	
11.179999	-0.00826323	
11.200000	-0.00809383	
11.219999	-0.00825924	
11.240000	-0.00824982	
11.259999	-0.00824982	
11.280000	-0.00808436	
11.300000	-0.00808436	
11.320000	-0.00808436	
11.340000	-0.00836682	
11.360000	-0.00864923	
11.380000	-0.00909543	
11.400000	-0.00909543	
11.420000	-0.00909543	
11.440000	-0.00893170	
11.460000	-0.00893170	
11.480000	-0.00893170	
11.500000	-0.00893170	
11.520000	-0.00893170	
11.540000	-0.00876790	
11.559999	-0.00876790	
11.580000	-0.00876790	
11.599999	-0.00893170	
11.620000	-0.00893170	
11.639999	-0.00864923	
11.660000	-0.00864923	
11.679999	-0.00848532	
11.700000	-0.00865859	
11.719999	-0.00854945	
11.740000	-0.00843084	
11.759999	-0.00825757	
11.780000	-0.00820309	
11.800000	-0.00820309	
11.820000	-0.00832158	
11.840000	-0.00848532	
11.860000	-0.00848532	
11.880000	-0.00836682	
11.900000	-0.00806344	
11.920000	-0.00806344	
11.940000	-0.00806344	
11.960000	-0.00808436	
11.980000	-0.00825757	
12.000000	-0.00843084	
12.020000	-0.00853783	
12.040000	-0.00836456	
12.059999	-0.00819135	
12.080000	-0.00808436	
12.099999	-0.00808436	
12.120000	-0.00808436	
12.139999	-0.00789881	
12.160000	-0.00789881	
12.179999	-0.00806421	
12.200000	-0.00824982	
12.219999	-0.00824982	
12.240000	-0.00808436	
12.259999	-0.00824982	
12.280000	-0.00824982	
12.300000	-0.00858682	
12.320000	-0.00859463	
12.340000	-0.00859463	
12.360000	-0.00825757	
12.380000	-0.00806344	
12.400000	-0.00806344	
12.420000	-0.00815690	
12.440000	-0.00828475	
12.460000	-0.00862163	
12.480000	-0.00870156	
12.500000	-0.00876790	
12.520000	-0.00860405	
12.540000	-0.00859624	
12.559999	-0.00842309	
12.580000	-0.00824982	
12.599999	-0.00808436	
12.620000	-0.00808436	
12.639999	-0.00808436	
12.660000	-0.00824982	
12.679999	-0.00824982	
12.700000	-0.00824982	
12.719999	-0.00808436	
12.740000	-0.00824982	
12.759999	-0.00824982	
12.780000	-0.00824982	
12.799999	-0.00808436	
12.820000	-0.00809383	
12.840000	-0.00809383	
12.860000	-0.00809383	
12.880000	-0.00808436	
12.900000	-0.00808436	
12.920000	-0.00808436	
12.940000	-0.00808436	
12.960000	-0.00825757	
12.980000	-0.00825757	
13.000000	-0.00825757	
13.020000	-0.00802791	
13.040000	-0.00802791	
13.059999	-0.00802791	
13.080000	-0.00808436	
13.099999	-0.00808436	
13.120000	-0.00808436	
13.139999	-0.00819135	
13.160000	-0.00847369	
13.179999	-0.00847369	
13.200000	-0.00836682	
13.219999	-0.00825757	
13.240000	-0.00843084	
13.259999	-0.00844026	
13.280000	-0.00826699	
13.299999	-0.00802523	
13.320000	-0.00812274	
13.340000	-0.00811261	
13.360000	-0.00818121	
13.380000	-0.00790477	
13.400000	-0.00791490	
13.420000	-0.00792438	
13.440000	-0.00796670	
13.460000	-0.00778109	
13.480000	-0.00777167	
13.500000	-0.00789881	
13.520000	-0.00819135	
13.540000	-0.00820071	
13.559999	-0.00820071	
13.580000	-0.00572139	
13.599999	0.00001192	
13.620000	0.01021320	
13.639999	0.01863164	
13.660000	0.02393836	
13.679999	0.02384615	
13.700000	0.01802593	
13.719999	0.00714970	
13.740000	-0.00386310	
13.759999	-0.00955296	
13.780000	-0.01009893	
13.799999	-0.00963622	
13.820000	-0.00838029	
13.840000	-0.00459963	
13.860000	0.00174135	
13.880000	0.00742334	
13.900000	0.01129699	
13.920000	0.01265967	
13.940000	0.01083881	
13.960000	0.00447989	
13.980000	-0.00245100	
14.000000	-0.00649720	
14.020000	-0.00657368	
14.040000	-0.00585318	
14.059999	-0.00236386	
14.080000	0.00288618	
14.099999	0.00944394	
14.120000	0.01322180	
14.139999	0.01242000	
14.160000	0.00654346	
14.179999	-0.00067091	
14.200000	-0.00551879	
14.219999	-0.00671583	
14.240000	-0.00655884	
14.259999	-0.00568044	
14.280000	-0.00491089	
14.299999	0.00068450	
14.320000	0.00850183	
14.340000	0.01858467	
14.360000	0.02381653	
14.380000	0.02356154	
14.400000	0.01669139	
14.420000	0.00569469	
14.440000	-0.00278139	
14.460000	-0.00666118	
14.480000	-0.00641435	
14.500000	-0.00526351	
14.520000	-0.00414979	
14.540000	0.00115353	
14.559999	0.00669956	
14.580000	0.01203573	
14.599999	0.01284516	
14.620000	0.00679332	
14.639999	0.00091553	
14.660000	-0.00532442	
14.679999	-0.00582492	
14.700000	-0.00642008	
14.719999	-0.00629294	
14.740000	-0.00434774	
14.759999	0.00066096	
14.780000	0.00782079	
14.799999	0.01341069	
14.820000	0.01537699	
14.839999	0.01209313	
14.860000	0.00453299	
14.880000	-0.00252122	
14.900000	-0.00663149	
14.920000	-0.00668108	
14.940000	-0.00624436	
14.960000	-0.00551152	
14.980000	-0.00123626	
15.000000	0.00359946	
15.020000	0.00827140	
15.040000	0.00934309	
15.059999	0.00565016	
15.080000	0.00037754	
15.099999	-0.00529116	
15.120000	-0.00725305	
15.139999	-0.00747150	
15.160000	-0.00745744	
15.179999	-0.00663841	
15.200000	-0.00517815	
15.219999	-0.00085443	
15.240000	0.00280398	
15.259999	0.00502330	
15.280000	0.00231028	
15.299999	-0.00223404	
15.320000	-0.00613201	
15.339999	-0.00780964	
15.360000	-0.00780964	
15.380000	-0.00782192	
15.400000	-0.00782192	
15.420000	-0.00486112	
15.440000	-0.00075364	
15.460000	0.00359213	
15.480000	0.00462949	
15.500000	0.00045931	
15.520000	-0.00394911	
15.540000	-0.00794744	
15.559999	-0.00788468	
15.580000	-0.00782192	
15.599999	-0.00782192	
15.620000	-0.00592750	
15.639999	-0.00160152	
15.660000	0.00522608	
15.679999	0.01015925	
15.700000	0.01219130	
15.719999	0.00876629	
15.740000	0.00193864	
15.759999	-0.00429779	
15.780000	-0.00725132	
15.799999	-0.00680214	
15.820000	-0.00654477	
15.839999	-0.00649667	
15.860000	-0.00553298	
15.880000	-0.00428545	
15.900000	0.00060391	
15.920000	0.00455457	
15.940000	0.00945801	
15.960000	0.01060122	
15.980000	0.01075476	
16.000000	0.00631195	
16.020000	0.00016105	
16.039999	-0.00497693	
16.059999	-0.00668532	
16.080000	-0.00668532	
16.100000	-0.00678873	
16.119999	-0.00687206	
16.139999	-0.00569373	
16.160000	-0.00240773	
16.180000	0.00457114	
16.199999	0.01032257	
16.219999	0.01403546	
16.240000	0.01342529	
16.260000	0.00719762	
16.279999	0.00085413	
16.299999	-0.00536096	
16.320000	-0.00599271	
16.340000	-0.00637823	
16.359999	-0.00628191	
16.379999	-0.00551248	
16.400000	-0.00478977	
16.420000	-0.00050181	
16.440001	0.00386626	
16.459999	0.00863165	
16.480000	0.00978804	
16.500000	0.00840825	
16.520000	0.00290322	
16.539999	-0.00273371	
16.559999	-0.00656188	
16.580000	-0.00674349	
16.600000	-0.00672156	
16.619999	-0.00613952	
16.639999	-0.00552517	
16.660000	-0.00258416	
16.680000	0.00056237	
16.699999	0.00414562	
16.719999	0.00542700	
16.740000	0.00224012	
16.760000	-0.00153220	
16.779999	-0.00552672	
16.799999	-0.00582457	
16.820000	-0.00614727	
16.840000	-0.00630081	
16.859999	-0.00632101	
16.879999	-0.00614715	
16.900000	-0.00517935	
16.920000	-0.00420666	
16.940001	-0.00023562	
16.959999	0.00309640	
16.980000	0.00512218	
17.000000	0.00394648	
17.020000	-0.00073570	
17.039999	-0.00426996	
17.059999	-0.00742400	
17.080000	-0.00719523	
17.100000	-0.00681299	
17.119999	-0.00660336	
17.139999	-0.00552505	
17.160000	-0.00443304	
17.180000	-0.00001508	
17.199999	0.00366729	
17.219999	0.00718236	
17.240000	0.00734669	
17.260000	0.00355864	
17.279999	-0.00056672	
17.299999	-0.00517374	
17.320000	-0.00599271	
17.340000	-0.00647455	
17.359999	-0.00647455	
17.379999	-0.00613105	
17.400000	-0.00562912	
17.420000	-0.00274730	
17.440001	0.00172108	
17.459999	0.00557840	
17.480000	0.00704783	
17.500000	0.00291044	
17.520000	-0.00097734	
17.539999	-0.00532848	
17.559999	-0.00607741	
17.580000	-0.00662357	
17.600000	-0.00669795	
17.619999	-0.00626516	
17.639999	-0.00583243	
17.660000	-0.00402880	
17.680000	-0.00149322	
17.699999	0.00306273	
17.719999	0.00622445	
17.740000	0.00758946	
17.760000	0.00518054	
17.779999	0.00016558	
17.799999	-0.00409329	
17.820000	-0.00659865	
17.840000	-0.00647455	
17.859999	-0.00647455	
17.879999	-0.00647455	
17.900000	-0.00555909	
17.920000	-0.00459117	
17.940001	-0.00039673	
17.959999	0.00303900	
17.980000	0.00626856	
18.000000	0.00622219	
18.020000	0.00219375	
18.039999	-0.00166667	
18.059999	-0.00566101	
18.080000	-0.00581002	
18.100000	-0.00580376	
18.119999	-0.00559890	
18.139999	-0.00490409	
18.160000	-0.00432611	
18.180000	-0.00040716	
18.199999	0.00305325	
18.219999	0.00678867	
18.240000	0.00713664	
18.260000	0.00479645	
18.279999	0.00043035	
18.299999	-0.00411558	
18.320000	-0.00600231	
18.340000	-0.00605512	
18.359999	-0.00596064	
18.379999	-0.00571966	
18.400000	-0.00545537	
18.420000	-0.00366837	
18.440001	-0.00190216	
18.459999	-0.00052834	
18.480000	-0.00142741	
18.500000	-0.00335211	
18.520000	-0.00504303	
18.539999	-0.00591975	
18.559999	-0.00591975	
18.580000	-0.00572240	
18.600000	-0.00551111	
18.619999	-0.00380057	
18.639999	-0.00087839	
18.660000	0.00376368	
18.680000	0.00690651	
18.699999	0.00869000	
18.719999	0.00763774	
18.740000	0.00278431	
18.760000	-0.00212997	
18.779999	-0.00593096	
18.799999	-0.00594211	
18.820000	-0.00596225	
18.840000	-0.00597346	
18.859999	-0.00548178	
18.879999	-0.00496989	
18.900000	-0.00022936	
18.920000	0.00499690	
18.939999	0.01119089	
18.959999	0.01313609	
18.980000	0.01113480	
19.000000	0.00459802	
19.020000	-0.00207645	
19.039999	-0.00576216	
19.059999	-0.00593132	
19.080000	-0.00594246	
19.100000	-0.00532824	
19.119999	-0.00322324	
19.139999	0.00198877	
19.160000	0.00655556	
19.180000	0.01023513	
19.199999	0.01063228	
19.219999	0.00659192	
19.240000	0.00062746	
19.260000	-0.00497043	
19.279999	-0.00613105	
19.299999	-0.00576121	
19.320000	-0.00558794	
19.340000	-0.00358868	
19.359999	0.00148398	
19.379999	0.00967437	
19.400000	0.01600337	
19.420000	0.01713949	
19.439999	0.01136494	
19.459999	0.00303680	
19.480000	-0.00333053	
19.500000	-0.00577712	
19.520000	-0.00563437	
19.539999	-0.00483650	
19.559999	-0.00321895	
19.580000	0.00267816	
19.600000	0.00806272	
19.619999	0.01185071	
19.639999	0.00903428	
19.660000	0.00235975	
19.680000	-0.00368065	
19.699999	-0.00721306	
19.719999	-0.00702989	
19.740000	-0.00653785	
19.760000	-0.00622880	
19.779999	-0.00259072	
19.799999	0.00315613	
19.820000	0.01013774	
19.840000	0.01379037	
19.859999	0.01233608	
19.879999	0.00530154	
19.900000	-0.00168014	
19.920000	-0.00597262	
19.939999	-0.00591975	
19.959999	-0.00591975	
19.980000	-0.00513667	
20.000000	-0.00406587	
20.020000	0.00078750	
20.039999	0.00513160	
20.059999	0.00951266	
20.080000	0.01011127	
20.100000	0.00676495	
20.119999	0.00089025	
20.139999	-0.00456166	
20.160000	-0.00634247	
20.180000	-0.00628954	
20.199999	-0.00665951	
20.219999	-0.00646228	
20.240000	-0.00574064	
20.260000	-0.00121957	
20.279999	0.00361949	
20.299999	0.00768995	
20.320000	0.00695765	
20.340000	0.00142914	
20.359999	-0.00346863	
20.379999	-0.00725734	
20.400000	-0.00713509	
20.420000	-0.00634247	
20.439999	-0.00550228	
20.459999	-0.00071019	
20.480000	0.00375313	
20.500000	0.00779378	
20.520000	0.00767720	
20.539999	0.00204635	
20.559999	-0.00331503	
20.580000	-0.00813305	
20.600000	-0.00779527	
20.619999	-0.00726199	
20.639999	-0.00706643	
20.660000	-0.00515181	
20.680000	-0.00087172	
20.699999	0.00576150	
20.719999	0.01067561	
20.740000	0.01226091	
20.760000	0.00917727	
20.779999	0.00254399	
20.799999	-0.00332141	
20.820000	-0.00673878	
20.840000	-0.00660670	
20.859999	-0.00609225	
20.879999	-0.00569600	
20.900000	-0.00236523	
20.920000	0.00240445	
20.939999	0.00794631	
20.959999	0.01039827	
20.980000	0.00665039	
21.000000	0.00121450	
21.020000	-0.00438350	
21.039999	-0.00560266	
21.059999	-0.00591975	
21.080000	-0.00591975	
21.100000	-0.00486290	
21.119999	-0.00225186	
21.139999	0.00482541	
21.160000	0.01248729	
21.180000	0.01954466	
21.199999	0.02218533	
21.219999	0.01945174	
21.240000	0.01100725	
21.260000	0.00107783	
21.279999	-0.00509226	
21.299999	-0.00631595	
21.320000	-0.00610465	
21.340000	-0.00508088	
21.359999	-0.00395042	
21.379999	0.00191504	
21.400000	0.00826257	
21.420000	0.01561761	
21.439999	0.01804823	
21.459999	0.01624632	
21.480000	0.00926852	
21.500000	0.00116980	
21.520000	-0.00401735	
21.539999	-0.00517344	
21.559999	-0.00501907	
21.580000	-0.00324750	
21.600000	0.00184351	
21.619999	0.01146287	
21.639999	0.02043217	
21.660000	0.02540088	
21.680000	0.02420300	
21.699999	0.01687729	
21.719999	0.00676125	
21.740000	-0.00183880	
21.760000	-0.00527769	
21.779999	-0.00537574	
21.799999	-0.00533777	
21.820000	-0.00400674	
21.840000	0.00010335	
21.859999	0.00822008	
21.879999	0.01501024	
21.900000	0.01873654	
21.920000	0.01754510	
21.939999	0.01157576	
21.959999	0.00401229	
21.980000	-0.00312448	
22.000000	-0.00544947	
22.020000	-0.00591975	
