Time	Hip_Knee_Angle_right X
0.000000	111.08644867	
0.020000	110.73683929	
0.040000	110.34861755	
0.060000	109.88832855	
0.080000	109.35135651	
0.100000	108.68233490	
0.120000	107.86284637	
0.140000	106.91009521	
0.160000	105.89711761	
0.180000	104.82608795	
0.200000	103.73046112	
0.220000	102.62098694	
0.240000	101.57692719	
0.260000	100.57173157	
0.280000	99.65275574	
0.300000	98.84622192	
0.320000	98.22229767	
0.340000	97.70133972	
0.360000	97.26527405	
0.380000	96.85295105	
0.400000	96.47301483	
0.420000	96.06998444	
0.440000	95.67499542	
0.460000	95.32133484	
0.480000	95.09118652	
0.500000	95.04557037	
0.520000	95.23460388	
0.540000	95.72605896	
0.560000	96.54856110	
0.580000	97.77090454	
0.600000	99.34571838	
0.620000	101.24841309	
0.640000	103.30670166	
0.660000	105.39408875	
0.680000	107.29457092	
0.700000	108.90507507	
0.720000	110.11293030	
0.740000	110.93817139	
0.760000	111.40158844	
0.780000	111.57957458	
0.800000	111.52152252	
0.820000	111.28946686	
0.840000	110.93118286	
0.860000	110.48989868	
0.880000	109.98097229	
0.900000	109.35816956	
0.920000	108.61609650	
0.940000	107.75465393	
0.960000	106.84660339	
0.980000	105.88096619	
1.000000	104.94892120	
1.020000	104.07370758	
1.040000	103.29421997	
1.060000	102.52566528	
1.080000	101.80310822	
1.100000	101.12597656	
1.120000	100.53438568	
1.140000	99.98690033	
1.160000	99.50497437	
1.180000	99.08221436	
1.200000	98.72779083	
1.220000	98.40209198	
1.240000	98.11419678	
1.260000	97.84667969	
1.280000	97.64036560	
1.300000	97.51657104	
1.320000	97.54517365	
1.340000	97.78156281	
1.360000	98.27748871	
1.380000	99.06927490	
1.400000	100.15604401	
1.420000	101.52812195	
1.440000	103.10308075	
1.460000	104.81841278	
1.480000	106.49581146	
1.500000	107.99817657	
1.520000	109.16329193	
1.540000	109.96879578	
1.560000	110.40174103	
1.580000	110.54042816	
1.600000	110.45668793	
1.620000	110.24430084	
1.640000	109.94190979	
1.660000	109.57254028	
1.680000	109.13015747	
1.700000	108.58555603	
1.720000	107.94136047	
1.740000	107.23335266	
1.760000	106.50888824	
1.780000	105.78906250	
1.800000	105.12699127	
1.820000	104.55294037	
1.840000	104.07387543	
1.860000	103.66876221	
1.880000	103.35177612	
1.900000	103.10549927	
1.920000	102.89862061	
1.940000	102.66862488	
1.960000	102.37725067	
1.980000	102.00822449	
2.000000	101.58195496	
2.020000	101.12492371	
2.040000	100.65737915	
2.060000	100.19367981	
2.080000	99.75768280	
2.100000	99.36181641	
2.120000	99.00723267	
2.140000	98.71468353	
2.160000	98.47460175	
2.180000	98.29209900	
2.200000	98.15422821	
2.220000	98.09929657	
2.240000	98.12035370	
2.260000	98.26526642	
2.280000	98.51580048	
2.300000	98.94831085	
2.320000	99.53340149	
2.340000	100.35235596	
2.360000	101.36505890	
2.380000	102.65004730	
2.400000	104.12832642	
2.420000	105.83950043	
2.440000	107.62879944	
2.460000	109.39604950	
2.480000	110.90931702	
2.500000	112.03676605	
2.520000	112.65250397	
2.540000	112.78926849	
2.560000	112.55414581	
2.580000	112.11508179	
2.600000	111.58763885	
2.620000	111.04159546	
2.640000	110.48309326	
2.660000	109.93302155	
2.680000	109.38184357	
2.700000	108.80628967	
2.720000	108.17420959	
2.740000	107.49182892	
2.760000	106.77206421	
2.780000	105.98891449	
2.800000	105.18860626	
2.820000	104.38838196	
2.840000	103.63537598	
2.860000	102.83788300	
2.880000	102.03382111	
2.900000	101.18180084	
2.920000	100.36888885	
2.940000	99.58261108	
2.960000	98.93749237	
2.980000	98.44087982	
3.000000	98.17725372	
3.020000	98.13964844	
3.040000	98.38652039	
3.060000	98.96856689	
3.080000	99.94382477	
3.100000	101.33138275	
3.120000	103.06764984	
3.140000	105.05182648	
3.160000	107.07894135	
3.180000	108.96925354	
3.200000	110.54215240	
3.220000	111.72251129	
3.240000	112.47254944	
3.260000	112.85312653	
3.280000	112.93723297	
3.300000	112.79885101	
3.320000	112.48722076	
3.340000	112.04798126	
3.360000	111.51566315	
3.380000	110.87371063	
3.400000	110.09472656	
3.420000	109.13906097	
3.440000	108.04096985	
3.460000	106.78987885	
3.480000	105.46891022	
3.500000	104.13871002	
3.520000	102.94055176	
3.540000	101.86038208	
3.560000	100.92985535	
3.580000	100.09938812	
3.600000	99.43385315	
3.620000	98.89965057	
3.640000	98.51621246	
3.660000	98.23286438	
3.680000	98.03874207	
3.700000	97.88954163	
3.720000	97.76567078	
3.740000	97.66314697	
3.760000	97.63334656	
3.780000	97.74916077	
3.800000	98.04703522	
3.820000	98.59259796	
3.840000	99.43501282	
3.860000	100.61839294	
3.880000	102.11397552	
3.900000	103.90186310	
3.920000	105.89748383	
3.940000	107.98433685	
3.960000	109.95343018	
3.980000	111.65272522	
4.000000	112.95757294	
4.020000	113.80892944	
4.040000	114.20446014	
4.060000	114.21111298	
4.080000	113.94170380	
4.100000	113.47702026	
4.120000	112.89288330	
4.140000	112.17879486	
4.160000	111.34729004	
4.180000	110.38381195	
4.200000	109.38504791	
4.220000	108.36931610	
4.240000	107.36485291	
4.260000	106.34885406	
4.280000	105.36218262	
4.300000	104.33457184	
4.320000	103.25187683	
4.340000	102.11264038	
4.360000	101.06359100	
4.380000	100.12288666	
4.400000	99.34249115	
4.420000	98.67669678	
4.440000	98.18392944	
4.460000	97.81116486	
4.480000	97.56740570	
4.500000	97.40711975	
4.520000	97.39384460	
4.540000	97.54667664	
4.560000	97.91365814	
4.580000	98.53559875	
4.600000	99.49271393	
4.620000	100.84268188	
4.640000	102.55168152	
4.660000	104.54989624	
4.680000	106.69302368	
4.700000	108.81568909	
4.720000	110.70953369	
4.740000	112.25588226	
4.760000	113.37047577	
4.780000	114.04475403	
4.800000	114.30258179	
4.820000	114.22422028	
4.840000	113.87478638	
4.860000	113.31938934	
4.880000	112.62820435	
4.900000	111.83795929	
4.920000	110.94223785	
4.940000	109.96625519	
4.960000	108.98284912	
4.980000	107.99833679	
5.000000	106.99456787	
5.020000	105.96060944	
5.040000	104.96326447	
5.060000	103.98398590	
5.080000	103.06328583	
5.100000	102.23249817	
5.120000	101.58760071	
5.140000	101.06082916	
5.160000	100.60425568	
5.180000	100.15225220	
5.200000	99.72226715	
5.220000	99.29668427	
5.240000	98.90155029	
5.260000	98.55255127	
5.280000	98.30378723	
5.300000	98.18487549	
5.320000	98.23146057	
5.340000	98.47139740	
5.360000	98.93283844	
5.380000	99.65637207	
5.400000	100.65036774	
5.420000	101.93337250	
5.440000	103.44747925	
5.460000	105.13242340	
5.480000	106.82878113	
5.500000	108.40380096	
5.520000	109.69085693	
5.540000	110.63301849	
5.560000	111.19531250	
5.580000	111.43373871	
5.600000	111.39109039	
5.620000	111.16134644	
5.640000	110.78874207	
5.660000	110.28671265	
5.680000	109.62062836	
5.700000	108.75315094	
5.720000	107.73937225	
5.740000	106.61471558	
5.760000	105.46335602	
5.780000	104.31806946	
5.800000	103.29790497	
5.820000	102.40209961	
5.840000	101.62779236	
5.860000	100.91939545	
5.880000	100.31620789	
5.900000	99.76795197	
5.920000	99.25002289	
5.940000	98.71096802	
5.960000	98.20729828	
5.980000	97.72544861	
6.000000	97.31501770	
6.020000	96.96562958	
6.040000	96.74756622	
6.060000	96.65271759	
6.080000	96.73365021	
6.100000	97.00766754	
6.120000	97.52970123	
6.140000	98.35206604	
6.160000	99.50095367	
6.180000	100.97299957	
6.200000	102.67511749	
6.220000	104.50674438	
6.240000	106.27361298	
6.260000	107.82138062	
6.280000	109.01910400	
6.300000	109.86318207	
6.320000	110.35687256	
6.340000	110.58470154	
6.360000	110.61505127	
6.380000	110.52278900	
6.400000	110.34012604	
6.420000	110.08551788	
6.440000	109.76050568	
6.460000	109.29971313	
6.480000	108.66249084	
6.500000	107.83416748	
6.520000	106.88562012	
6.540000	105.82713318	
6.560000	104.76509094	
6.580000	103.72731781	
6.600000	102.79746246	
6.620000	101.89340210	
6.640000	101.05388641	
6.660000	100.25942230	
6.680000	99.56057739	
6.700000	98.90113831	
6.720000	98.32263184	
6.740000	97.82229614	
6.760000	97.43264771	
6.780000	97.12875366	
6.800000	96.91976166	
6.820000	96.77879333	
6.840000	96.70031738	
6.860000	96.68222046	
6.880000	96.74905396	
6.900000	96.95141602	
6.920000	97.34721375	
6.940000	98.02324677	
6.960000	99.01108551	
6.980000	100.36628723	
7.000000	102.03063965	
7.020000	103.94782257	
7.040000	105.92763519	
7.060000	107.83055115	
7.080000	109.44963074	
7.100000	110.68518829	
7.120000	111.45503998	
7.140000	111.81975555	
7.160000	111.83313751	
7.180000	111.60179138	
7.200000	111.20457458	
7.220000	110.70874023	
7.240000	110.14454651	
7.260000	109.46468353	
7.280000	108.67472076	
7.300000	107.77745819	
7.320000	106.84738922	
7.340000	105.88079834	
7.360000	104.95679474	
7.380000	104.08905029	
7.400000	103.29885864	
7.420000	102.50298309	
7.440000	101.72569275	
7.460000	100.97034454	
7.480000	100.29810333	
7.500000	99.68323517	
7.520000	99.17711639	
7.540000	98.71079254	
7.560000	98.31051636	
7.580000	97.90464020	
7.600000	97.55846405	
7.620000	97.21214294	
7.640000	96.93057251	
7.660000	96.66597748	
7.680000	96.47141266	
7.700000	96.33109283	
7.720000	96.32067108	
7.740000	96.48355865	
7.760000	96.89300537	
7.780000	97.61907196	
7.800000	98.67004395	
7.820000	100.03237915	
7.840000	101.61043549	
7.860000	103.32502747	
7.880000	104.97853851	
7.900000	106.42555237	
7.920000	107.52752686	
7.940000	108.26489258	
7.960000	108.62213898	
7.980000	108.64733887	
8.000000	108.42974854	
8.020000	108.05933380	
8.040000	107.58989716	
8.059999	107.02130127	
8.080000	106.36806488	
8.099999	105.62310791	
8.120000	104.81921387	
8.139999	103.94331360	
8.160000	103.00825500	
8.179999	102.02178192	
8.200000	101.04729462	
8.220000	100.08671570	
8.240000	99.18565369	
8.260000	98.36218262	
8.280000	97.68571472	
8.300000	97.10972595	
8.320000	96.60794830	
8.340000	96.13944244	
8.360000	95.72347260	
8.380000	95.34630585	
8.400000	95.03647614	
8.420000	94.80565643	
8.440000	94.66693115	
8.460000	94.62351227	
8.480000	94.71189117	
8.500000	94.98242188	
8.520000	95.51997375	
8.540000	96.39376068	
8.559999	97.66907501	
8.580000	99.32421875	
8.599999	101.28824615	
8.620000	103.43106842	
8.639999	105.56603241	
8.660000	107.52659607	
8.679999	109.17652130	
8.700000	110.47618103	
8.720000	111.38991547	
8.740000	111.98984528	
8.760000	112.32545471	
8.780000	112.45427704	
8.800000	112.37541962	
8.820000	112.11508942	
8.840000	111.71875000	
8.860000	111.19794464	
8.880000	110.57130432	
8.900000	109.82872772	
8.920000	109.03329468	
8.940000	108.19560242	
8.960000	107.36074066	
8.980000	106.50752258	
9.000000	105.69820404	
9.020000	104.92731476	
9.040000	104.19361877	
9.059999	103.40054321	
9.080000	102.61678314	
9.099999	101.79147339	
9.120000	100.97348785	
9.139999	100.11033630	
9.160000	99.34021759	
9.179999	98.65182495	
9.200000	98.11536407	
9.220000	97.65949249	
9.240000	97.33455658	
9.260000	97.04807281	
9.280000	96.81357574	
9.300000	96.59449005	
9.320000	96.44091797	
9.340000	96.36729431	
9.360000	96.43965912	
9.380000	96.71103668	
9.400000	97.25332642	
9.420000	98.13275909	
9.440000	99.35556030	
9.460000	100.93531036	
9.480000	102.77995300	
9.500000	104.81852722	
9.520000	106.84685516	
9.540000	108.73246002	
9.559999	110.30818939	
9.580000	111.52983093	
9.599999	112.34101105	
9.620000	112.80992889	
9.639999	112.98588562	
9.660000	112.96331024	
9.679999	112.77983093	
9.700000	112.47316742	
9.719999	112.06666565	
9.740000	111.57497406	
9.760000	111.01770020	
9.780000	110.38430023	
9.800000	109.70706177	
9.820000	109.01749420	
9.840000	108.37138367	
9.860000	107.74067688	
9.880000	107.14720917	
9.900000	106.57946014	
9.920000	106.02354431	
9.940000	105.41525269	
9.960000	104.78394318	
9.980000	104.14901733	
10.000000	103.53598022	
10.020000	102.89662170	
10.040000	102.28337860	
10.059999	101.68734741	
10.080000	101.14054108	
10.099999	100.56903839	
10.120000	100.01335907	
10.139999	99.42034149	
10.160000	98.84276581	
10.179999	98.26961517	
10.200000	97.77595520	
10.219999	97.36785126	
10.240000	97.08124542	
10.260000	96.92695618	
10.280000	96.91860962	
10.300000	97.10236359	
10.320000	97.51060486	
10.340000	98.22016144	
10.360000	99.21871948	
10.380000	100.52400970	
10.400000	102.04795837	
10.420000	103.73841858	
10.440000	105.46069336	
10.460000	107.13195801	
10.480000	108.59839630	
10.500000	109.81539154	
10.520000	110.72667694	
10.540000	111.37926483	
10.559999	111.78345490	
10.580000	112.02422333	
10.599999	112.13322449	
10.620000	112.15161896	
10.639999	112.06690216	
10.660000	111.89553070	
10.679999	111.66195679	
10.700000	111.34641266	
10.719999	110.95225525	
10.740000	110.42755890	
10.760000	109.82064056	
10.780000	109.14957428	
10.800000	108.54398346	
10.820000	108.02017212	
10.840000	107.62567902	
10.860000	107.27043152	
10.880000	106.92611694	
10.900000	106.47261810	
10.920000	105.88483429	
10.940000	105.14413452	
10.960000	104.29626465	
10.980000	103.32863617	
11.000000	102.27017212	
11.020000	101.13426971	
11.040000	100.01643372	
11.059999	98.96263885	
11.080000	98.00652313	
11.099999	97.14467621	
11.120000	96.40621948	
11.139999	95.80757141	
11.160000	95.34038544	
11.179999	95.02184296	
11.200000	94.85689545	
11.219999	94.87147522	
11.240000	94.99969482	
11.259999	95.25263977	
11.280000	95.60070038	
11.300000	96.06871796	
11.320000	96.61716461	
11.340000	97.26484680	
11.360000	97.99962616	
11.380000	98.85621643	
11.400000	99.85143280	
11.420000	101.04373932	
11.440000	102.45158386	
11.460000	104.07971954	
11.480000	105.88418579	
11.500000	107.81787109	
11.520000	109.76376343	
11.540000	111.62083435	
11.559999	113.27254486	
11.580000	114.68607330	
11.599999	115.79535675	
11.620000	116.59825134	
11.639999	117.09626007	
11.660000	117.34323883	
11.679999	117.35768127	
11.700000	117.18730164	
11.719999	116.87808228	
11.740000	116.46237183	
11.759999	115.95608521	
11.780000	115.38105774	
11.800000	114.78186035	
11.820000	114.15422058	
11.840000	113.50199127	
11.860000	112.78955841	
11.880000	112.03397369	
11.900000	111.19813538	
11.920000	110.32881165	
11.940000	109.39684296	
11.960000	108.48798370	
11.980000	107.56900024	
12.000000	106.69734192	
12.020000	105.81959534	
12.040000	105.00376129	
12.059999	104.21440125	
12.080000	103.47386932	
12.099999	102.71559906	
12.120000	101.97376251	
12.139999	101.22640228	
12.160000	100.51371002	
12.179999	99.82755280	
12.200000	99.22351074	
12.219999	98.70363617	
12.240000	98.28182220	
12.259999	97.91893768	
12.280000	97.62322998	
12.300000	97.36716461	
12.320000	97.13143921	
12.340000	96.88931274	
12.360000	96.64572144	
12.380000	96.39729309	
12.400000	96.15335083	
12.420000	95.91401672	
12.440000	95.70374298	
12.460000	95.52987671	
12.480000	95.40573883	
12.500000	95.37030792	
12.520000	95.45307922	
12.540000	95.70965576	
12.559999	96.14376831	
12.580000	96.81929016	
12.599999	97.69150543	
12.620000	98.77310181	
12.639999	99.98358154	
12.660000	101.37329102	
12.679999	102.90090942	
12.700000	104.60492706	
12.719999	106.43455505	
12.740000	108.38094330	
12.759999	110.27604675	
12.780000	111.99661255	
12.799999	113.39270020	
12.820000	114.43910217	
12.840000	115.10294342	
12.860000	115.44454193	
12.880000	115.51341248	
12.900000	115.40338135	
12.920000	115.14469147	
12.940000	114.78130341	
12.960000	114.33915710	
12.980000	113.86431885	
13.000000	113.36405182	
13.020000	112.81599426	
13.040000	112.19330597	
13.059999	111.47758484	
13.080000	110.68740845	
13.099999	109.81506348	
13.120000	108.90412140	
13.139999	107.94201660	
13.160000	107.00235748	
13.179999	106.07021332	
13.200000	105.20497131	
13.219999	104.37647247	
13.240000	103.64617920	
13.259999	102.97386932	
13.280000	102.37171936	
13.299999	101.76734161	
13.320000	101.18474579	
13.340000	100.56771088	
13.360000	99.96197510	
13.380000	99.33058929	
13.400000	98.74245453	
13.420000	98.16776276	
13.440000	97.67045593	
13.460000	97.19167328	
13.480000	96.77380371	
13.500000	96.36834717	
13.520000	96.02737427	
13.540000	95.71076965	
13.559999	95.45858002	
13.580000	95.25243378	
13.599999	95.15141296	
13.620000	95.17089844	
13.639999	95.36712646	
13.660000	95.76051331	
13.679999	96.39268494	
13.700000	97.28336334	
13.719999	98.44692993	
13.740000	99.90612793	
13.759999	101.64141846	
13.780000	103.58715820	
13.799999	105.58711243	
13.820000	107.51895142	
13.840000	109.23096466	
13.860000	110.65304565	
13.880000	111.71767426	
13.900000	112.46968079	
13.920000	112.91373444	
13.940000	113.09524536	
13.960000	113.04409027	
13.980000	112.81755829	
14.000000	112.46611786	
14.020000	112.01389313	
14.040000	111.51352692	
14.059999	110.95962524	
14.080000	110.34416199	
14.099999	109.58786774	
14.120000	108.68560791	
14.139999	107.60083771	
14.160000	106.36263275	
14.179999	104.97065735	
14.200000	103.54315186	
14.219999	102.12995148	
14.240000	100.83901978	
14.259999	99.67449188	
14.280000	98.71608734	
14.299999	97.90235138	
14.320000	97.24743652	
14.340000	96.67242432	
14.360000	96.18740082	
14.380000	95.72813416	
14.400000	95.32477570	
14.420000	94.93180847	
14.440000	94.57890320	
14.460000	94.25406647	
14.480000	94.01020050	
14.500000	93.83180237	
14.520000	93.73369598	
14.540000	93.71903229	
14.559999	93.78669739	
14.580000	93.94314575	
14.599999	94.20784760	
14.620000	94.65049744	
14.639999	95.26067352	
14.660000	96.07667542	
14.679999	97.04838562	
14.700000	98.22831726	
14.719999	99.55599213	
14.740000	101.11116028	
14.759999	102.85390472	
14.780000	104.82069397	
14.799999	106.84405518	
14.820000	108.80644989	
14.839999	110.47933960	
14.860000	111.79150391	
14.880000	112.65391541	
14.900000	113.12023163	
14.920000	113.23458862	
14.940000	113.10411835	
14.960000	112.77269745	
14.980000	112.29626465	
15.000000	111.69808960	
15.020000	111.02208710	
15.040000	110.27896118	
15.059999	109.46607208	
15.080000	108.59315491	
15.099999	107.66938782	
15.120000	106.72802734	
15.139999	105.79209900	
15.160000	104.91450500	
15.179999	104.11200714	
15.200000	103.37729645	
15.219999	102.68792725	
15.240000	102.03912354	
15.259999	101.42412567	
15.280000	100.82850647	
15.299999	100.24514008	
15.320000	99.68629456	
15.339999	99.14269257	
15.360000	98.63835907	
15.380000	98.16008759	
15.400000	97.75223541	
15.420000	97.39870453	
15.440000	97.14422607	
15.460000	96.97997284	
15.480000	96.92527771	
15.500000	97.00335693	
15.520000	97.24515533	
15.540000	97.69271088	
15.559999	98.36377716	
15.580000	99.30889893	
15.599999	100.52264404	
15.620000	102.01264954	
15.639999	103.72314453	
15.660000	105.59207916	
15.679999	107.46023560	
15.700000	109.16605377	
15.719999	110.53977203	
15.740000	111.50362396	
15.759999	112.03500366	
15.780000	112.19884491	
15.799999	112.09365845	
15.820000	111.80880737	
15.839999	111.40950012	
15.860000	110.90023804	
15.880000	110.29798126	
15.900000	109.56156158	
15.920000	108.71904755	
15.940000	107.77221680	
15.960000	106.81700897	
15.980000	105.85640717	
16.000000	104.96444702	
16.020000	104.13242340	
16.039999	103.38874054	
16.059999	102.65111542	
16.080000	101.94240570	
16.100000	101.24318695	
16.119999	100.60711670	
16.139999	99.99378967	
16.160000	99.43954468	
16.180000	98.91599274	
16.199999	98.45842743	
16.219999	98.02872467	
16.240000	97.66780090	
16.260000	97.34682465	
16.279999	97.10502625	
16.299999	96.90676117	
16.320000	96.77148438	
16.340000	96.68268585	
16.359999	96.66304779	
16.379999	96.69274902	
16.400000	96.78164673	
16.420000	96.95045471	
16.440001	97.20970154	
16.459999	97.58276367	
16.480000	98.09203339	
16.500000	98.82073975	
16.520000	99.80593872	
16.539999	101.12192535	
16.559999	102.75487518	
16.580000	104.69909668	
16.600000	106.77928162	
16.619999	108.85118866	
16.639999	110.67887115	
16.660000	112.16799164	
16.680000	113.21345520	
16.699999	113.84674835	
16.719999	114.09695435	
16.740000	114.05676270	
16.760000	113.80830383	
16.779999	113.39968109	
16.799999	112.89306641	
16.820000	112.26913452	
16.840000	111.55187988	
16.859999	110.72149658	
16.879999	109.86708069	
16.900000	108.97353363	
16.920000	108.04249573	
16.940001	107.07256317	
16.959999	106.14434052	
16.980000	105.21829224	
17.000000	104.30630493	
17.020000	103.42317963	
17.039999	102.64627075	
17.059999	101.87891388	
17.080000	101.12109375	
17.100000	100.34425354	
17.119999	99.61840820	
17.139999	98.88704681	
17.160000	98.20088959	
17.180000	97.53882599	
17.199999	96.93812561	
17.219999	96.39342499	
17.240000	95.98767853	
17.260000	95.76438904	
17.279999	95.83652496	
17.299999	96.26389313	
17.320000	97.14591217	
17.340000	98.48686981	
17.359999	100.25373840	
17.379999	102.30544281	
17.400000	104.47771454	
17.420000	106.55479431	
17.440001	108.37226868	
17.459999	109.81368256	
17.480000	110.85542297	
17.500000	111.50307465	
17.520000	111.82730103	
17.539999	111.88686371	
17.559999	111.78389740	
17.580000	111.53929901	
17.600000	111.22356415	
17.619999	110.83065796	
17.639999	110.38912201	
17.660000	109.79940033	
17.680000	109.05525970	
17.699999	108.15022278	
17.719999	107.13069916	
17.740000	105.98258209	
17.760000	104.79734802	
17.779999	103.65625763	
17.799999	102.61743927	
17.820000	101.64791870	
17.840000	100.78092957	
17.859999	100.00157928	
17.879999	99.28354645	
17.900000	98.55463409	
17.920000	97.86486816	
17.940001	97.19691467	
17.959999	96.60952759	
17.980000	96.09410095	
18.000000	95.71846008	
18.020000	95.47281647	
18.039999	95.39733124	
18.059999	95.48320007	
18.080000	95.75714111	
18.100000	96.25453186	
18.119999	97.03951263	
18.139999	98.17264557	
18.160000	99.67085266	
18.180000	101.53593445	
18.199999	103.64086151	
18.219999	105.79551697	
18.240000	107.77850342	
18.260000	109.43273926	
18.279999	110.65454865	
18.299999	111.41712952	
18.320000	111.75595093	
18.340000	111.75571442	
18.359999	111.50710297	
18.379999	111.07516479	
18.400000	110.53003693	
18.420000	109.90995789	
18.440001	109.22951508	
18.459999	108.46104431	
18.480000	107.63784027	
18.500000	106.78059387	
18.520000	105.92256165	
18.539999	105.02581024	
18.559999	104.16977692	
18.580000	103.34366608	
18.600000	102.56493378	
18.619999	101.76596069	
18.639999	101.04733276	
18.660000	100.36801147	
18.680000	99.75402832	
18.699999	99.12926483	
18.719999	98.57755280	
18.740000	98.05052948	
18.760000	97.59237671	
18.779999	97.16568756	
18.799999	96.83773041	
18.820000	96.59459686	
18.840000	96.50072479	
18.859999	96.57794189	
18.879999	96.90098572	
18.900000	97.53142548	
18.920000	98.54986572	
18.939999	99.98325348	
18.959999	101.77454376	
18.980000	103.82369995	
19.000000	105.93546295	
19.020000	107.88843536	
19.039999	109.46741486	
19.059999	110.56515503	
19.080000	111.17967987	
19.100000	111.35961914	
19.119999	111.21170044	
19.139999	110.83985138	
19.160000	110.35722351	
19.180000	109.77796936	
19.199999	109.12352753	
19.219999	108.37380981	
19.240000	107.59043121	
19.260000	106.77079010	
19.279999	105.92842865	
19.299999	105.04933167	
19.320000	104.21943665	
19.340000	103.41062927	
19.359999	102.61602020	
19.379999	101.77036285	
19.400000	100.95716858	
19.420000	100.13758850	
19.439999	99.37154388	
19.459999	98.63648987	
19.480000	98.03455353	
19.500000	97.54393768	
19.520000	97.19448090	
19.539999	96.92994690	
19.559999	96.78317261	
19.580000	96.75244904	
19.600000	96.90180206	
19.619999	97.25573730	
19.639999	97.89662933	
19.660000	98.87531281	
19.680000	100.21299744	
19.699999	101.87104797	
19.719999	103.74782562	
19.740000	105.72695160	
19.760000	107.59906769	
19.779999	109.19696808	
19.799999	110.36209869	
19.820000	111.04254913	
19.840000	111.24248505	
19.859999	111.04956818	
19.879999	110.57440948	
19.900000	109.92393494	
19.920000	109.18766785	
19.939999	108.36349487	
19.959999	107.45914459	
19.980000	106.45349884	
20.000000	105.40501404	
20.020000	104.29823303	
20.039999	103.17808533	
20.059999	102.09240723	
20.080000	101.12188721	
20.100000	100.21915436	
20.119999	99.40458679	
20.139999	98.66078949	
20.160000	98.02816010	
20.180000	97.42664337	
20.199999	96.88043976	
20.219999	96.38292694	
20.240000	95.98731232	
20.260000	95.66374969	
20.279999	95.44544983	
20.299999	95.32243347	
20.320000	95.30507660	
20.340000	95.37860870	
20.359999	95.58917236	
20.379999	96.01669312	
20.400000	96.73232269	
20.420000	97.82081604	
20.439999	99.29794312	
20.459999	101.15276337	
20.480000	103.24710846	
20.500000	105.45465088	
20.520000	107.55425262	
20.539999	109.39759064	
20.559999	110.83039093	
20.580000	111.83636475	
20.600000	112.41851807	
20.619999	112.65317535	
20.639999	112.61315155	
20.660000	112.36952209	
20.680000	111.99588776	
20.699999	111.53076935	
20.719999	111.04579926	
20.740000	110.53050995	
20.760000	109.94867706	
20.779999	109.21514130	
20.799999	108.33866882	
20.820000	107.33173370	
20.840000	106.26064301	
20.859999	105.19997406	
20.879999	104.25882721	
20.900000	103.44837189	
20.920000	102.73059845	
20.939999	102.08548737	
20.959999	101.51788330	
20.980000	100.98853302	
21.000000	100.47109985	
21.020000	99.94874573	
21.039999	99.43930054	
21.059999	98.90955353	
21.080000	98.37963104	
21.100000	97.83194733	
21.119999	97.31337738	
21.139999	96.79040527	
21.160000	96.32643127	
21.180000	95.91068268	
21.199999	95.58987427	
21.219999	95.34733582	
21.240000	95.20624542	
21.260000	95.17147064	
21.279999	95.26530457	
21.299999	95.51593781	
21.320000	95.95326233	
21.340000	96.64679718	
21.359999	97.61594391	
21.379999	98.90274048	
21.400000	100.47963715	
21.420000	102.31951904	
21.439999	104.26597595	
21.459999	106.17583466	
21.480000	107.85124207	
21.500000	109.17790222	
21.520000	110.06488800	
21.539999	110.55204010	
21.559999	110.69750214	
21.580000	110.60499573	
21.600000	110.34876251	
21.619999	109.99645996	
21.639999	109.55717468	
21.660000	109.05852509	
21.680000	108.47872162	
21.699999	107.74737549	
21.719999	106.82997131	
21.740000	105.72882080	
21.760000	104.70772552	
21.779999	103.78150177	
21.799999	102.96392822	
21.820000	102.16664124	
21.840000	101.54647064	
21.859999	101.00811005	
21.879999	100.50341034	
21.900000	99.84299469	
21.920000	99.28385925	
21.939999	98.71736908	
21.959999	98.30288696	
21.980000	97.79222870	
22.000000	97.42000580	
22.020000	97.08258057	
22.039999		
22.059999		
