Time	Right_Forefoot_y_baseline X
0.000000	-0.00295772	
0.020000	0.00140166	
0.040000	0.00404583	
0.060000	0.00199814	
0.080000	-0.00115877	
0.100000	-0.00457950	
0.120000	-0.00482967	
0.140000	-0.00529787	
0.160000	-0.00548267	
0.180000	-0.00592324	
0.200000	-0.00619343	
0.220000	-0.00511843	
0.240000	-0.00390773	
0.260000	-0.00107647	
0.280000	0.00067668	
0.300000	0.00148004	
0.320000	-0.00039028	
0.340000	-0.00283644	
0.360000	-0.00410181	
0.380000	-0.00454237	
0.400000	-0.00461930	
0.420000	-0.00480720	
0.440000	-0.00468695	
0.460000	-0.00360866	
0.480000	-0.00264752	
0.500000	-0.00028633	
0.520000	0.00127502	
0.540000	0.00319730	
0.560000	0.00246841	
0.580000	-0.00042163	
0.600000	-0.00357957	
0.620000	-0.00571698	
0.640000	-0.00590715	
0.660000	-0.00590715	
0.680000	-0.00567615	
0.700000	-0.00510503	
0.720000	-0.00471996	
0.740000	-0.00260296	
0.760000	-0.00073142	
0.780000	0.00180118	
0.800000	0.00261134	
0.820000	0.00079446	
0.840000	-0.00178413	
0.860000	-0.00486474	
0.880000	-0.00538388	
0.900000	-0.00622520	
0.920000	-0.00657293	
0.940000	-0.00611918	
0.960000	-0.00521290	
0.980000	-0.00300948	
1.000000	-0.00100698	
1.020000	0.00278768	
1.040000	0.00524561	
1.060000	0.00612673	
1.080000	0.00183108	
1.100000	-0.00192377	
1.120000	-0.00461930	
1.140000	-0.00464942	
1.160000	-0.00518011	
1.180000	-0.00574772	
1.200000	-0.00562149	
1.220000	-0.00538120	
1.240000	-0.00504459	
1.260000	-0.00288801	
1.280000	-0.00000417	
1.300000	0.00323072	
1.320000	0.00430612	
1.340000	0.00187954	
1.360000	-0.00112413	
1.380000	-0.00436911	
1.400000	-0.00498644	
1.420000	-0.00544885	
1.440000	-0.00543585	
1.460000	-0.00511554	
1.480000	-0.00471129	
1.500000	-0.00303321	
1.520000	-0.00115094	
1.540000	0.00256678	
1.560000	0.00497109	
1.580000	0.00620346	
1.600000	0.00373748	
1.620000	0.00005956	
1.640000	-0.00286697	
1.660000	-0.00486968	
1.680000	-0.00552805	
1.700000	-0.00599006	
1.720000	-0.00564356	
1.740000	-0.00531891	
1.760000	-0.00524837	
1.780000	-0.00309178	
1.800000	-0.00096571	
1.820000	0.00287266	
1.840000	0.00454125	
1.860000	0.00379668	
1.880000	0.00065792	
1.900000	-0.00309673	
1.920000	-0.00447802	
1.940000	-0.00537460	
1.960000	-0.00562479	
1.980000	-0.00562479	
2.000000	-0.00546473	
2.020000	-0.00420101	
2.040000	-0.00304228	
2.060000	0.00025572	
2.080000	0.00250389	
2.100000	0.00551043	
2.120000	0.00590831	
2.140000	0.00273076	
2.160000	-0.00135142	
2.180000	-0.00526117	
2.200000	-0.00559488	
2.220000	-0.00625077	
2.240000	-0.00657293	
2.260000	-0.00649910	
2.280000	-0.00610268	
2.300000	-0.00501758	
2.320000	-0.00432868	
2.340000	-0.00176206	
2.360000	0.00042753	
2.380000	0.00364591	
2.400000	0.00503585	
2.420000	0.00263464	
2.440000	-0.00084569	
2.460000	-0.00454299	
2.480000	-0.00476037	
2.500000	-0.00499880	
2.520000	-0.00507037	
2.540000	-0.00499344	
2.560000	-0.00470407	
2.580000	-0.00333475	
2.600000	-0.00210260	
2.620000	0.00060016	
2.640000	0.00245439	
2.660000	0.00414896	
2.680000	0.00166896	
2.700000	-0.00109793	
2.720000	-0.00379387	
2.740000	-0.00438830	
2.760000	-0.00492744	
2.780000	-0.00511554	
2.800000	-0.00484122	
2.820000	-0.00368580	
2.840000	-0.00280468	
2.860000	0.00029367	
2.880000	0.00252719	
2.900000	0.00460106	
2.920000	0.00342542	
2.940000	0.00066946	
2.960000	-0.00207227	
2.980000	-0.00461517	
3.000000	-0.00559488	
3.020000	-0.00642918	
3.040000	-0.00642918	
3.060000	-0.00574297	
3.080000	-0.00505717	
3.100000	-0.00355545	
3.120000	-0.00273950	
3.140000	-0.00053713	
3.160000	0.00130534	
3.180000	0.00330766	
3.200000	0.00125358	
3.220000	-0.00137204	
3.240000	-0.00393537	
3.260000	-0.00406881	
3.280000	-0.00411975	
3.300000	-0.00435983	
3.320000	-0.00439325	
3.340000	-0.00348201	
3.360000	-0.00260089	
3.380000	0.00023612	
3.400000	0.00216171	
3.420000	0.00508535	
3.440000	0.00567853	
3.460000	0.00298280	
3.480000	-0.00071430	
3.500000	-0.00477338	
3.520000	-0.00554332	
3.540000	-0.00655623	
3.560000	-0.00679879	
3.580000	-0.00649044	
3.600000	-0.00582609	
3.620000	-0.00382358	
3.640000	-0.00237155	
3.660000	0.00074372	
3.680000	0.00252120	
3.700000	0.00468893	
3.720000	0.00445092	
3.740000	0.00157574	
3.760000	-0.00177011	
3.780000	-0.00488722	
3.800000	-0.00539564	
3.820000	-0.00555569	
3.840000	-0.00535892	
3.860000	-0.00474264	
3.880000	-0.00439470	
3.900000	-0.00219767	
3.920000	-0.00019516	
3.940000	0.00282110	
3.960000	0.00400788	
3.980000	0.00217924	
4.000000	-0.00070418	
4.020000	-0.00375427	
4.040000	-0.00401869	
4.060000	-0.00508955	
4.080000	-0.00597046	
4.100000	-0.00593768	
4.120000	-0.00499943	
4.140000	-0.00313655	
4.160000	-0.00208898	
4.180000	-0.00027436	
4.200000	0.00061584	
4.220000	-0.00046432	
4.240000	-0.00263061	
4.260000	-0.00463311	
4.280000	-0.00485092	
4.300000	-0.00492744	
4.320000	-0.00521454	
4.340000	-0.00533438	
4.360000	-0.00538120	
4.380000	-0.00413625	
4.400000	-0.00293462	
4.420000	-0.00026445	
4.440000	0.00116013	
4.460000	0.00291577	
4.480000	0.00231165	
4.500000	-0.00002459	
4.520000	-0.00273085	
4.540000	-0.00491032	
4.560000	-0.00541089	
4.580000	-0.00518093	
4.600000	-0.00456691	
4.620000	-0.00348222	
4.640000	-0.00307240	
4.660000	-0.00129242	
4.680000	0.00017671	
4.700000	0.00271839	
4.720000	0.00383958	
4.740000	0.00346790	
4.760000	0.00077218	
4.780000	-0.00215477	
4.800000	-0.00369528	
4.820000	-0.00419998	
4.840000	-0.00439696	
4.860000	-0.00445470	
4.880000	-0.00425795	
4.900000	-0.00371303	
4.920000	-0.00330731	
4.940000	-0.00130481	
4.960000	0.00128327	
4.980000	0.00466955	
5.000000	0.00646746	
5.020000	0.00437275	
5.040000	0.00077134	
5.060000	-0.00308704	
5.080000	-0.00401869	
5.100000	-0.00425918	
5.120000	-0.00434251	
5.140000	-0.00408119	
5.160000	-0.00376087	
5.180000	-0.00255573	
5.200000	-0.00166245	
5.220000	0.00073712	
5.240000	0.00284956	
5.260000	0.00477783	
5.280000	0.00515816	
5.300000	0.00171722	
5.320000	-0.00158325	
5.340000	-0.00463374	
5.360000	-0.00445925	
5.380000	-0.00420906	
5.400000	-0.00424144	
5.420000	-0.00368930	
5.440000	-0.00316934	
5.460000	-0.00127304	
5.480000	0.00007029	
5.500000	0.00289699	
5.520000	0.00448062	
5.540000	0.00352813	
5.560000	0.00029531	
5.580000	-0.00309364	
5.600000	-0.00394732	
5.620000	-0.00431137	
5.640000	-0.00461930	
5.660000	-0.00456712	
5.680000	-0.00412656	
5.700000	-0.00287481	
5.720000	-0.00191367	
5.740000	0.00049579	
5.760000	0.00274849	
5.780000	0.00416917	
5.800000	0.00153737	
5.820000	-0.00174949	
5.840000	-0.00430641	
5.860000	-0.00478388	
5.880000	-0.00515556	
5.900000	-0.00534119	
5.920000	-0.00508171	
5.940000	-0.00416636	
5.960000	-0.00340550	
5.980000	-0.00128274	
6.000000	0.00041370	
6.020000	0.00201300	
6.040000	0.00036915	
6.060000	-0.00220861	
6.080000	-0.00456877	
6.100000	-0.00504749	
6.120000	-0.00492744	
6.140000	-0.00459352	
6.160000	-0.00426000	
6.180000	-0.00349893	
6.200000	-0.00307158	
6.220000	-0.00170761	
6.240000	-0.00074647	
6.260000	-0.00128955	
6.280000	-0.00265370	
6.300000	-0.00437592	
6.320000	-0.00459373	
6.340000	-0.00492744	
6.360000	-0.00480720	
6.380000	-0.00404632	
6.400000	-0.00328505	
6.420000	-0.00065181	
6.440000	0.00166772	
6.460000	0.00467037	
6.480000	0.00577877	
6.500000	0.00336561	
6.520000	0.00004286	
6.540000	-0.00361897	
6.560000	-0.00411975	
6.580000	-0.00435983	
6.600000	-0.00435983	
6.620000	-0.00344861	
6.640000	-0.00264752	
6.660000	-0.00072522	
6.680000	0.00093903	
6.700000	0.00566493	
6.720000	0.00936471	
6.740000	0.01074702	
6.760000	0.00674219	
6.780000	0.00144064	
6.800000	-0.00212838	
6.820000	-0.00332959	
6.840000	-0.00334960	
6.860000	-0.00314499	
6.880000	-0.00281870	
6.900000	-0.00210342	
6.920000	-0.00164843	
6.940000	0.00182015	
6.960000	0.00515836	
6.980000	0.00929417	
7.000000	0.01032998	
7.020000	0.00919682	
7.040000	0.00406274	
7.060000	-0.00128871	
7.080000	-0.00470984	
7.100000	-0.00518692	
7.120000	-0.00544658	
7.140000	-0.00544658	
7.160000	-0.00506687	
7.180000	-0.00380583	
7.200000	-0.00272754	
7.220000	-0.00008419	
7.240000	0.00313419	
7.260000	0.00740714	
7.280000	0.00999522	
7.300000	0.00994758	
7.320000	0.00511691	
7.340000	-0.00001696	
7.360000	-0.00388071	
7.380000	-0.00409356	
7.400000	-0.00400342	
7.420000	-0.00397743	
7.440000	-0.00378500	
7.460000	-0.00287686	
7.480000	-0.00199534	
7.500000	0.00010742	
7.520000	0.00275385	
7.540000	0.00691482	
7.560000	0.00968893	
7.580000	0.00782956	
7.600000	0.00293453	
7.620000	-0.00244270	
7.640000	-0.00432518	
7.660000	-0.00496148	
7.680000	-0.00511554	
7.700000	-0.00519186	
7.720000	-0.00503799	
7.740000	-0.00288141	
7.760000	-0.00088239	
7.780000	0.00343078	
7.800000	0.00584127	
7.820000	0.00757277	
7.840000	0.00533904	
7.860000	0.00131132	
7.880000	-0.00246271	
7.900000	-0.00482267	
7.920000	-0.00535089	
7.940000	-0.00550495	
7.960000	-0.00537872	
7.980000	-0.00469644	
8.000000	-0.00380212	
8.020000	-0.00108947	
8.040000	0.00137526	
8.059999	0.00549312	
8.080000	0.00772622	
8.099999	0.00796650	
8.120000	0.00322846	
8.139999	-0.00131264	
8.160000	-0.00433920	
8.179999	-0.00449947	
8.200000	-0.00483298	
8.220000	-0.00513411	
8.240000	-0.00521454	
8.260000	-0.00466880	
8.280000	-0.00412326	
8.300000	-0.00144443	
8.320000	0.00202145	
8.340000	0.00686264	
8.360000	0.00960685	
8.380000	0.00918320	
8.400000	0.00457323	
8.420000	-0.00033809	
8.440000	-0.00371179	
8.460000	-0.00415461	
8.480000	-0.00432868	
8.500000	-0.00420906	
8.520000	-0.00424144	
8.540000	-0.00382893	
8.559999	-0.00344861	
8.580000	-0.00146362	
8.599999	0.00015856	
8.620000	0.00327383	
8.639999	0.00481640	
8.660000	0.00485207	
8.679999	0.00154707	
8.700000	-0.00186437	
8.720000	-0.00415316	
8.740000	-0.00487402	
8.760000	-0.00548804	
8.780000	-0.00500932	
8.800000	-0.00420824	
8.820000	-0.00228575	
8.840000	-0.00024135	
8.860000	0.00474483	
8.880000	0.00862817	
8.900000	0.01145653	
8.920000	0.01130122	
8.940000	0.00608383	
8.960000	0.00104031	
8.980000	-0.00435117	
9.000000	-0.00473645	
9.020000	-0.00512792	
9.040000	-0.00520794	
9.059999	-0.00517103	
9.080000	-0.00517103	
9.099999	-0.00444996	
9.120000	-0.00365898	
9.139999	-0.00101687	
9.160000	0.00162648	
9.179999	0.00484052	
9.200000	0.00535966	
9.220000	0.00303973	
9.240000	0.00051147	
9.260000	-0.00234886	
9.280000	-0.00305548	
9.300000	-0.00365072	
9.320000	-0.00303423	
9.340000	-0.00187984	
9.360000	-0.00131904	
9.380000	0.00006679	
9.400000	0.00091490	
9.420000	0.00371830	
9.440000	0.00568864	
9.460000	0.00736198	
9.480000	0.00546753	
9.500000	0.00123706	
9.520000	-0.00250293	
9.540000	-0.00507306	
9.559999	-0.00529251	
9.580000	-0.00578050	
9.599999	-0.00585435	
9.620000	-0.00547463	
9.639999	-0.00502087	
9.660000	-0.00272465	
9.679999	-0.00064190	
9.700000	0.00417000	
9.719999	0.00721389	
9.740000	0.00926653	
9.760000	0.00661740	
9.780000	0.00229186	
9.800000	-0.00104244	
9.820000	-0.00284635	
9.840000	-0.00300640	
9.860000	-0.00334382	
9.880000	-0.00323863	
9.900000	-0.00252706	
9.920000	-0.00165482	
9.940000	0.00046815	
9.960000	0.00309810	
9.980000	0.00680220	
10.000000	0.00932387	
10.020000	0.00942679	
10.040000	0.00457096	
10.059999	-0.00040740	
10.080000	-0.00457269	
10.099999	-0.00503139	
10.120000	-0.00543585	
10.139999	-0.00556931	
10.160000	-0.00574875	
10.179999	-0.00559488	
10.200000	-0.00530468	
10.219999	-0.00296845	
10.240000	-0.00076565	
10.260000	0.00442719	
10.280000	0.00757937	
10.300000	0.00963201	
10.320000	0.00731950	
10.340000	0.00228484	
10.360000	-0.00185034	
10.380000	-0.00472717	
10.400000	-0.00493075	
10.420000	-0.00535563	
10.440000	-0.00562045	
10.460000	-0.00557694	
10.480000	-0.00523518	
10.500000	-0.00323574	
10.520000	-0.00150137	
10.540000	0.00266682	
10.559999	0.00526355	
10.580000	0.00641878	
10.599999	0.00252141	
10.620000	-0.00151952	
10.639999	-0.00388999	
10.660000	-0.00428165	
10.679999	-0.00461517	
10.700000	-0.00487649	
10.719999	-0.00457537	
10.740000	-0.00268959	
10.760000	-0.00086465	
10.780000	0.00349472	
10.800000	0.00662731	
10.820000	0.00850607	
10.840000	0.00501028	
10.860000	0.00003564	
10.880000	-0.00384915	
10.900000	-0.00556064	
10.920000	-0.00605978	
10.940000	-0.00635658	
10.960000	-0.00598593	
10.980000	-0.00470655	
11.000000	-0.00352575	
11.020000	-0.00041069	
11.040000	0.00193009	
11.059999	0.00514476	
11.080000	0.00614013	
11.099999	0.00327712	
11.120000	-0.00064087	
11.139999	-0.00437179	
11.160000	-0.00446956	
11.179999	-0.00509512	
11.200000	-0.00587127	
11.219999	-0.00611155	
11.240000	-0.00574689	
11.259999	-0.00355069	
11.280000	-0.00167812	
11.300000	0.00267836	
11.320000	0.00555086	
11.340000	0.00784379	
11.360000	0.00764702	
11.380000	0.00383483	
11.400000	0.00039040	
11.420000	-0.00380914	
11.440000	-0.00453019	
11.460000	-0.00517103	
11.480000	-0.00517103	
11.500000	-0.00429982	
11.520000	-0.00333866	
11.540000	-0.00125283	
11.559999	0.00024912	
11.580000	0.00453445	
11.599999	0.00773861	
11.620000	0.01092109	
11.639999	0.01094337	
11.660000	0.00665474	
11.679999	0.00158337	
11.700000	-0.00356865	
11.719999	-0.00430085	
11.740000	-0.00447966	
11.759999	-0.00437139	
11.780000	-0.00409438	
11.800000	-0.00362681	
11.820000	-0.00236598	
11.840000	-0.00138193	
11.860000	0.00193317	
11.880000	0.00542155	
11.900000	0.00925787	
11.920000	0.01057252	
11.940000	0.00613828	
11.960000	0.00129627	
11.980000	-0.00378603	
12.000000	-0.00408635	
12.020000	-0.00440685	
12.040000	-0.00448689	
12.059999	-0.00384605	
12.080000	-0.00319594	
12.099999	-0.00131346	
12.120000	-0.00011204	
12.139999	0.00450908	
12.160000	0.00794196	
12.179999	0.01209262	
12.200000	0.01289412	
12.219999	0.01067689	
12.240000	0.00479186	
12.259999	-0.00121529	
12.280000	-0.00424866	
12.300000	-0.00481628	
12.320000	-0.00526117	
12.340000	-0.00544658	
12.360000	-0.00518692	
12.380000	-0.00317511	
12.400000	-0.00042163	
12.420000	0.00508535	
12.440000	0.00885856	
12.460000	0.01177891	
12.480000	0.00943586	
12.500000	0.00372490	
12.520000	-0.00191160	
12.540000	-0.00503881	
12.559999	-0.00481607	
12.580000	-0.00500706	
12.599999	-0.00519846	
12.620000	-0.00453103	
12.639999	-0.00345913	
12.660000	-0.00108473	
12.679999	0.00231948	
12.700000	0.00796507	
12.719999	0.01230878	
12.740000	0.01431912	
12.759999	0.01187131	
12.780000	0.00555809	
12.799999	-0.00019680	
12.820000	-0.00431301	
12.840000	-0.00444315	
12.860000	-0.00496148	
12.880000	-0.00511554	
12.900000	-0.00496250	
12.920000	-0.00447471	
12.940000	-0.00224119	
12.960000	-0.00026137	
12.980000	0.00419681	
13.000000	0.00690883	
13.020000	0.00910173	
13.040000	0.00842625	
13.059999	0.00385216	
13.080000	-0.00037584	
13.099999	-0.00456361	
13.120000	-0.00485277	
13.139999	-0.00514731	
13.160000	-0.00519599	
13.179999	-0.00389226	
13.200000	-0.00246848	
13.219999	0.00087777	
13.240000	0.00451362	
13.259999	0.00988983	
13.280000	0.01338623	
13.299999	0.01409657	
13.320000	0.00985518	
13.340000	0.00309253	
13.360000	-0.00233194	
13.380000	-0.00485340	
13.400000	-0.00489052	
13.420000	-0.00471067	
13.440000	-0.00433694	
13.460000	-0.00362928	
13.480000	-0.00312190	
13.500000	-0.00116724	
13.520000	0.00220729	
13.540000	0.00837509	
13.559999	0.01326950	
13.580000	0.01738571	
13.599999	0.01849845	
13.620000	0.01495996	
13.639999	0.00700536	
13.660000	-0.00059529	
13.679999	-0.00390607	
13.700000	-0.00355214	
13.719999	-0.00355214	
13.740000	-0.00288470	
13.759999	-0.00240414	
13.780000	-0.00092220	
13.799999	0.00026417	
13.820000	0.00398333	
13.840000	0.00720172	
13.860000	0.01186863	
13.880000	0.01400872	
13.900000	0.01421125	
13.920000	0.00992510	
13.940000	0.00334498	
13.960000	-0.00155766	
13.980000	-0.00381801	
14.000000	-0.00379057	
14.020000	-0.00400342	
14.040000	-0.00400342	
14.059999	-0.00269371	
14.080000	-0.00124973	
14.099999	0.00283244	
14.120000	0.00745356	
14.139999	0.01330353	
14.160000	0.01651552	
14.179999	0.01668507	
14.200000	0.01402026	
14.219999	0.00603288	
14.240000	-0.00070873	
14.259999	-0.00621818	
14.280000	-0.00640525	
14.299999	-0.00657211	
14.320000	-0.00650075	
14.340000	-0.00631367	
14.360000	-0.00611794	
14.380000	-0.00369178	
14.400000	-0.00138111	
14.420000	0.00362198	
14.440000	0.00697897	
14.460000	0.01123357	
14.480000	0.01271592	
14.500000	0.01093760	
14.520000	0.00511773	
14.540000	-0.00081226	
14.559999	-0.00400858	
14.580000	-0.00436911	
14.599999	-0.00461930	
14.620000	-0.00492744	
14.639999	-0.00492744	
14.660000	-0.00323287	
14.679999	-0.00135060	
14.700000	0.00351246	
14.719999	0.00675559	
14.740000	0.01037988	
14.759999	0.01102380	
14.780000	0.00916176	
14.799999	0.00374573	
14.820000	-0.00200297	
14.839999	-0.00531954	
14.860000	-0.00606678	
14.880000	-0.00648116	
14.900000	-0.00674000	
14.920000	-0.00658448	
14.940000	-0.00579804	
14.960000	-0.00506645	
14.980000	-0.00245178	
15.000000	0.00083838	
15.020000	0.00692308	
15.040000	0.01129895	
15.059999	0.01503524	
15.080000	0.01565421	
15.099999	0.01040608	
15.120000	0.00360940	
15.139999	-0.00328174	
15.160000	-0.00452340	
15.179999	-0.00488393	
15.200000	-0.00480720	
15.219999	-0.00423525	
15.240000	-0.00347418	
15.259999	-0.00140649	
15.280000	0.00047930	
15.299999	0.00472441	
15.320000	0.00754307	
15.339999	0.01036792	
15.360000	0.01064388	
15.380000	0.00923477	
15.400000	0.00390889	
15.420000	-0.00125365	
15.440000	-0.00492786	
15.460000	-0.00554001	
15.480000	-0.00631635	
15.500000	-0.00651972	
15.520000	-0.00601770	
15.540000	-0.00428352	
15.559999	-0.00292513	
15.580000	0.00037616	
15.599999	0.00417061	
15.620000	0.00981516	
15.639999	0.01339099	
15.660000	0.01456271	
15.679999	0.01284647	
15.700000	0.00624368	
15.719999	0.00031924	
15.740000	-0.00493734	
15.759999	-0.00536244	
15.780000	-0.00576277	
15.799999	-0.00584610	
15.820000	-0.00506274	
15.839999	-0.00411481	
15.860000	-0.00170164	
15.880000	-0.00010069	
15.900000	0.00347842	
15.920000	0.00620490	
15.940000	0.00905161	
15.960000	0.00972772	
15.980000	0.00517198	
16.000000	0.00046362	
16.020000	-0.00441593	
16.039999	-0.00466612	
16.059999	-0.00553980	
16.080000	-0.00623943	
16.100000	-0.00579886	
16.119999	-0.00455886	
16.139999	-0.00197740	
16.160000	0.00050260	
16.180000	0.00625975	
16.199999	0.01067565	
16.219999	0.01284173	
16.240000	0.01166072	
16.260000	0.00524232	
16.279999	0.00007875	
16.299999	-0.00560230	
16.320000	-0.00610928	
16.340000	-0.00711703	
16.359999	-0.00768073	
16.379999	-0.00778984	
16.400000	-0.00746623	
16.420000	-0.00493507	
16.440001	-0.00279561	
16.459999	0.00215572	
16.480000	0.00500037	
16.500000	0.00740530	
16.520000	0.00379874	
16.539999	-0.00090013	
16.559999	-0.00533541	
16.580000	-0.00654984	
16.600000	-0.00672598	
16.619999	-0.00622539	
16.639999	-0.00567821	
16.660000	-0.00409295	
16.680000	-0.00276797	
16.699999	0.00031924	
16.719999	0.00360899	
16.740000	0.00830373	
16.760000	0.01123604	
16.779999	0.01179108	
16.799999	0.00997110	
16.820000	0.00434305	
16.840000	-0.00050309	
16.859999	-0.00586075	
16.879999	-0.00741032	
16.900000	-0.00865197	
16.920000	-0.00865197	
16.940001	-0.00841169	
16.959999	-0.00817139	
16.980000	-0.00650075	
17.000000	-0.00488330	
17.020000	0.00057170	
17.039999	0.00660524	
17.059999	0.01448144	
17.080000	0.01868118	
17.100000	0.01999770	
17.119999	0.01688245	
17.139999	0.00822887	
17.160000	0.00057004	
17.180000	-0.00551176	
17.199999	-0.00628212	
17.219999	-0.00705804	
17.240000	-0.00700937	
17.260000	-0.00623943	
17.279999	-0.00545298	
17.299999	-0.00250809	
17.320000	0.00041535	
17.340000	0.00583033	
17.359999	0.00928983	
17.379999	0.01257402	
17.400000	0.01326723	
17.420000	0.01059727	
17.440001	0.00438924	
17.459999	-0.00223459	
17.480000	-0.00577474	
17.500000	-0.00634667	
17.520000	-0.00653374	
17.539999	-0.00622560	
17.559999	-0.00580773	
17.580000	-0.00401993	
17.600000	-0.00227110	
17.619999	0.00237022	
17.639999	0.00637527	
17.660000	0.01216027	
17.680000	0.01505277	
17.699999	0.01635753	
17.719999	0.01316823	
17.740000	0.00526789	
17.760000	-0.00184189	
17.779999	-0.00679301	
17.799999	-0.00710672	
17.820000	-0.00734989	
17.840000	-0.00741610	
17.859999	-0.00697348	
17.879999	-0.00618641	
17.900000	-0.00324544	
17.920000	-0.00013596	
17.940001	0.00515053	
17.959999	0.00856218	
17.980000	0.01142311	
18.000000	0.01162793	
18.020000	0.00769694	
18.039999	0.00211860	
18.059999	-0.00433384	
18.080000	-0.00692996	
18.100000	-0.00793090	
18.119999	-0.00793090	
18.139999	-0.00778797	
18.160000	-0.00764504	
18.180000	-0.00672701	
18.199999	-0.00583187	
18.219999	-0.00167318	
18.240000	0.00341655	
18.260000	0.01015714	
18.279999	0.01378535	
18.299999	0.01547992	
18.320000	0.01499563	
18.340000	0.00873460	
18.359999	0.00215407	
18.379999	-0.00422309	
18.400000	-0.00501098	
18.420000	-0.00521454	
18.440001	-0.00521454	
18.459999	-0.00461517	
18.480000	-0.00401105	
18.500000	-0.00266525	
18.520000	-0.00188169	
18.539999	0.00114034	
18.559999	0.00408337	
18.580000	0.00767879	
18.600000	0.00898808	
18.619999	0.00570989	
18.639999	0.00081198	
18.660000	-0.00467086	
18.680000	-0.00625366	
18.699999	-0.00686973	
18.719999	-0.00689530	
18.740000	-0.00662450	
18.760000	-0.00627325	
18.779999	-0.00417110	
18.799999	-0.00206341	
18.820000	0.00292711	
18.840000	0.00670156	
18.859999	0.01198825	
18.879999	0.01431108	
18.900000	0.01394849	
18.920000	0.01179726	
18.939999	0.00526768	
18.959999	0.00071731	
18.980000	-0.00422391	
19.000000	-0.00478595	
19.020000	-0.00539894	
19.039999	-0.00562045	
19.059999	-0.00528653	
19.080000	-0.00454134	
19.100000	-0.00275455	
19.119999	-0.00146444	
19.139999	0.00265610	
19.160000	0.00596605	
19.180000	0.01074125	
19.199999	0.01249585	
19.219999	0.01140104	
19.240000	0.00525221	
19.260000	-0.00093293	
19.279999	-0.00447574	
19.299999	-0.00514318	
19.320000	-0.00568192	
19.340000	-0.00633657	
19.359999	-0.00633657	
19.379999	-0.00469644	
19.400000	-0.00282365	
19.420000	0.00144044	
19.439999	0.00488074	
19.459999	0.01028624	
19.480000	0.01330085	
19.500000	0.01420672	
19.520000	0.01050982	
19.539999	0.00364839	
19.559999	-0.00188994	
19.580000	-0.00547133	
19.600000	-0.00579578	
19.619999	-0.00599006	
19.639999	-0.00564356	
19.660000	-0.00431137	
19.680000	-0.00300185	
19.699999	0.00015609	
19.719999	0.00408976	
19.740000	0.00986899	
19.760000	0.01379998	
19.779999	0.01417062	
19.799999	0.01185729	
19.820000	0.00442204	
19.840000	-0.00130749	
19.859999	-0.00620890	
19.879999	-0.00604203	
19.900000	-0.00582196	
19.920000	-0.00587538	
19.939999	-0.00558168	
19.959999	-0.00545545	
19.980000	-0.00311901	
20.000000	-0.00082630	
20.020000	0.00425993	
20.039999	0.00741211	
20.059999	0.01038814	
20.080000	0.01030852	
20.100000	0.00499976	
20.119999	-0.00038326	
20.139999	-0.00564356	
20.160000	-0.00589725	
20.180000	-0.00628233	
20.199999	-0.00647517	
20.219999	-0.00562665	
20.240000	-0.00460568	
20.260000	-0.00169751	
20.279999	0.00130101	
20.299999	0.00711262	
20.320000	0.01109909	
20.340000	0.01559295	
20.359999	0.01723246	
20.379999	0.01618531	
20.400000	0.00925353	
20.420000	0.00157100	
20.439999	-0.00367589	
20.459999	-0.00533293	
20.480000	-0.00623943	
20.500000	-0.00619920	
20.520000	-0.00550330	
20.539999	-0.00284469	
20.559999	-0.00084217	
20.580000	0.00504184	
20.600000	0.00980794	
20.619999	0.01523633	
20.639999	0.01617272	
20.660000	0.01169248	
20.680000	0.00422177	
20.699999	-0.00310086	
20.719999	-0.00608267	
20.740000	-0.00658324	
20.760000	-0.00662161	
20.779999	-0.00542781	
20.799999	-0.00434333	
20.820000	-0.00188355	
20.840000	0.00131008	
20.859999	0.00749460	
20.879999	0.01292959	
20.900000	0.01755339	
20.920000	0.01910318	
20.939999	0.01805046	
20.959999	0.01295847	
20.980000	0.00385360	
21.000000	-0.00319244	
21.020000	-0.00742002	
21.039999	-0.00763452	
21.059999	-0.00756027	
21.080000	-0.00718963	
21.100000	-0.00590777	
21.119999	-0.00504625	
21.139999	-0.00249034	
21.160000	0.00007276	
21.180000	0.00577217	
21.199999	0.01104629	
21.219999	0.01605888	
21.240000	0.01809831	
21.260000	0.01538257	
21.279999	0.00728835	
21.299999	-0.00107339	
21.320000	-0.00601976	
21.340000	-0.00648589	
21.359999	-0.00679879	
21.379999	-0.00683694	
21.400000	-0.00654055	
21.420000	-0.00429548	
21.439999	-0.00205186	
21.459999	0.00320205	
21.480000	0.00770642	
21.500000	0.01328044	
21.520000	0.01573980	
21.539999	0.01590295	
21.559999	0.01135877	
21.580000	0.00369294	
21.600000	-0.00289997	
21.619999	-0.00632873	
21.639999	-0.00662450	
21.660000	-0.00674000	
21.680000	-0.00658448	
21.699999	-0.00500438	
21.719999	-0.00342551	
21.740000	-0.00099914	
21.760000	0.00215283	
21.779999	0.00783306	
21.799999	0.01267631	
21.820000	0.01589470	
21.840000	0.01443896	
21.859999	0.00748532	
21.879999	0.00011319	
21.900000	-0.00559777	
21.920000	-0.00582032	
21.939999	-0.00612825	
21.959999	-0.00610556	
21.980000	-0.00547978	
22.000000	-0.00473067	
22.020000	-0.00383513	
