Time	Left_Heel_y_baseline X
0.000000	-0.00085744	
0.020000	-0.00489460	
0.040000	-0.00774488	
0.060000	-0.00967011	
0.080000	-0.01066394	
0.100000	-0.01108237	
0.120000	-0.01075095	
0.140000	-0.00840239	
0.160000	-0.00586714	
0.180000	-0.00111906	
0.200000	0.00280817	
0.220000	0.00790322	
0.240000	0.01099464	
0.260000	0.01405987	
0.280000	0.01556157	
0.300000	0.01454563	
0.320000	0.01007390	
0.340000	0.00309291	
0.360000	-0.00317857	
0.380000	-0.00815265	
0.400000	-0.01051308	
0.420000	-0.01139617	
0.440000	-0.01070714	
0.460000	-0.00772585	
0.480000	-0.00375092	
0.500000	0.00301820	
0.520000	0.00850996	
0.540000	0.01634948	
0.560000	0.02114137	
0.580000	0.02582374	
0.600000	0.02688041	
0.620000	0.02417548	
0.640000	0.01698261	
0.660000	0.00599949	
0.680000	-0.00333066	
0.700000	-0.01083897	
0.720000	-0.01427266	
0.740000	-0.01480161	
0.760000	-0.01303501	
0.780000	-0.00883943	
0.800000	-0.00466676	
0.820000	0.00157176	
0.840000	0.00739475	
0.860000	0.01566987	
0.880000	0.02200501	
0.900000	0.02765378	
0.920000	0.02974544	
0.940000	0.02942815	
0.960000	0.02440719	
0.980000	0.01593433	
1.000000	0.00567871	
1.020000	-0.00377262	
1.040000	-0.01000562	
1.060000	-0.01233739	
1.080000	-0.01242828	
1.100000	-0.00952499	
1.120000	-0.00599180	
1.140000	0.00030793	
1.160000	0.00520688	
1.180000	0.01049088	
1.200000	0.01341976	
1.220000	0.01438576	
1.240000	0.01080447	
1.260000	0.00358665	
1.280000	-0.00484547	
1.300000	-0.01052311	
1.320000	-0.01255970	
1.340000	-0.01242173	
1.360000	-0.01218346	
1.380000	-0.01148194	
1.400000	-0.01078698	
1.420000	-0.00775369	
1.440000	-0.00526777	
1.460000	-0.00219108	
1.480000	-0.00124986	
1.500000	-0.00021508	
1.520000	-0.00036903	
1.540000	-0.00237368	
1.560000	-0.00495908	
1.580000	-0.00846626	
1.600000	-0.01012272	
1.620000	-0.01129135	
1.640000	-0.01129135	
1.660000	-0.01184365	
1.680000	-0.01184386	
1.700000	-0.00963552	
1.720000	-0.00499143	
1.740000	0.00220142	
1.760000	0.00849482	
1.780000	0.01573189	
1.800000	0.01989596	
1.820000	0.02250040	
1.840000	0.02099869	
1.860000	0.01570895	
1.880000	0.00867659	
1.900000	-0.00088549	
1.920000	-0.00721757	
1.940000	-0.01316869	
1.960000	-0.01518726	
1.980000	-0.01551868	
2.000000	-0.01413837	
2.020000	-0.01083897	
2.040000	-0.00688902	
2.060000	-0.00053422	
2.080000	0.00551926	
2.100000	0.01228325	
2.120000	0.01655233	
2.140000	0.01833837	
2.160000	0.01652122	
2.180000	0.01070049	
2.200000	0.00319219	
2.220000	-0.00487474	
2.240000	-0.00894690	
2.260000	-0.01137611	
2.280000	-0.01127867	
2.300000	-0.00863063	
2.320000	-0.00410363	
2.340000	0.00374877	
2.360000	0.01216432	
2.380000	0.02299598	
2.400000	0.02961893	
2.420000	0.03173719	
2.440000	0.02603090	
2.460000	0.01619308	
2.480000	0.00332955	
2.500000	-0.00688902	
2.520000	-0.01313512	
2.540000	-0.01428330	
2.560000	-0.01392262	
2.580000	-0.01239656	
2.600000	-0.01121582	
2.620000	-0.00747734	
2.640000	-0.00424795	
2.660000	0.00024672	
2.680000	0.00267594	
2.700000	0.00427671	
2.720000	0.00306815	
2.740000	-0.00090678	
2.760000	-0.00554413	
2.780000	-0.00941464	
2.800000	-0.01084982	
2.820000	-0.01029794	
2.840000	-0.00857536	
2.860000	-0.00519674	
2.880000	-0.00281174	
2.900000	-0.00217430	
2.920000	-0.00440229	
2.940000	-0.00778091	
2.960000	-0.01025127	
2.980000	-0.01250607	
3.000000	-0.01302929	
3.020000	-0.01093149	
3.040000	-0.00673549	
3.060000	-0.00045930	
3.080000	0.00477086	
3.100000	0.01199503	
3.120000	0.01677546	
3.140000	0.01984580	
3.160000	0.01915370	
3.180000	0.01458248	
3.200000	0.00837977	
3.220000	-0.00101015	
3.240000	-0.00720631	
3.260000	-0.01129135	
3.280000	-0.01140845	
3.300000	-0.01067786	
3.320000	-0.00980829	
3.340000	-0.00710109	
3.360000	-0.00445981	
3.380000	0.00019166	
3.400000	0.00288801	
3.420000	0.00710346	
3.440000	0.00893657	
3.460000	0.00959899	
3.480000	0.00809729	
3.500000	0.00436780	
3.520000	-0.00037988	
3.540000	-0.00654593	
3.560000	-0.01061174	
3.580000	-0.01236074	
3.600000	-0.01226799	
3.620000	-0.01132944	
3.640000	-0.01016386	
3.660000	-0.00628187	
3.680000	-0.00175180	
3.700000	0.00523594	
3.720000	0.01174611	
3.740000	0.02041058	
3.760000	0.02707939	
3.780000	0.03280820	
3.800000	0.03501654	
3.820000	0.03442004	
3.840000	0.03088686	
3.860000	0.02282648	
3.880000	0.01362140	
3.900000	0.00224872	
3.920000	-0.00549151	
3.940000	-0.01008156	
3.960000	-0.01118553	
3.980000	-0.00986540	
4.000000	-0.00825992	
4.020000	-0.00501148	
4.040000	-0.00214237	
4.060000	0.00342269	
4.080000	0.00966981	
4.100000	0.01688743	
4.120000	0.02132621	
4.140000	0.02500124	
4.160000	0.02655534	
4.180000	0.02407107	
4.200000	0.01781003	
4.220000	0.00725985	
4.240000	-0.00166827	
4.260000	-0.00901915	
4.280000	-0.01208192	
4.300000	-0.01277423	
4.320000	-0.01252040	
4.340000	-0.01053293	
4.360000	-0.00816678	
4.380000	-0.00389381	
4.400000	0.00098385	
4.420000	0.00856113	
4.440000	0.01601438	
4.460000	0.02420945	
4.480000	0.02928936	
4.500000	0.03219205	
4.520000	0.03203729	
4.540000	0.02827199	
4.560000	0.02264839	
4.580000	0.01310596	
4.600000	0.00421469	
4.620000	-0.00425859	
4.640000	-0.00869778	
4.660000	-0.01018822	
4.680000	-0.00955261	
4.700000	-0.00704336	
4.720000	-0.00367600	
4.740000	0.00201352	
4.760000	0.00686046	
4.780000	0.01450244	
4.800000	0.02141444	
4.820000	0.02814957	
4.840000	0.03118306	
4.860000	0.03023386	
4.880000	0.02511056	
4.900000	0.01580086	
4.920000	0.00460464	
4.940000	-0.00557339	
4.960000	-0.01164018	
4.980000	-0.01401125	
5.000000	-0.01432505	
5.020000	-0.01380184	
5.040000	-0.01308742	
5.060000	-0.01005372	
5.080000	-0.00675882	
5.100000	-0.00130185	
5.120000	0.00361450	
5.140000	0.01046611	
5.160000	0.01517305	
5.180000	0.01956639	
5.200000	0.02092643	
5.220000	0.02019399	
5.240000	0.01580086	
5.260000	0.00792062	
5.280000	-0.00044763	
5.300000	-0.00703764	
5.320000	-0.01014093	
5.340000	-0.01074071	
5.360000	-0.01020460	
5.380000	-0.00743271	
5.400000	-0.00408705	
5.420000	0.00212364	
5.440000	0.00753415	
5.460000	0.01621458	
5.480000	0.02354355	
5.500000	0.03149340	
5.520000	0.03567609	
5.540000	0.03729120	
5.560000	0.03497888	
5.580000	0.02824354	
5.600000	0.01819569	
5.620000	0.00625844	
5.640000	-0.00301625	
5.660000	-0.00886829	
5.680000	-0.01084326	
5.700000	-0.00942099	
5.720000	-0.00719956	
5.740000	-0.00310795	
5.760000	0.00089175	
5.780000	0.00787559	
5.800000	0.01449834	
5.820000	0.02285637	
5.840000	0.02838171	
5.860000	0.03271753	
5.880000	0.03377399	
5.900000	0.03232798	
5.920000	0.02853340	
5.940000	0.02021161	
5.960000	0.01125258	
5.980000	0.00163317	
6.000000	-0.00466022	
6.020000	-0.00870207	
6.040000	-0.01019068	
6.060000	-0.00898886	
6.080000	-0.00728554	
6.100000	-0.00441232	
6.120000	-0.00219108	
6.140000	0.00293468	
6.160000	0.00826924	
6.180000	0.01562299	
6.200000	0.01983844	
6.220000	0.02188730	
6.240000	0.02093810	
6.260000	0.01615624	
6.280000	0.01023684	
6.300000	0.00142683	
6.320000	-0.00478896	
6.340000	-0.00939131	
6.360000	-0.01107089	
6.380000	-0.01116814	
6.400000	-0.01081768	
6.420000	-0.00895345	
6.440000	-0.00708267	
6.460000	-0.00401090	
6.480000	-0.00156859	
6.500000	0.00368062	
6.520000	0.00782892	
6.540000	0.01247752	
6.560000	0.01396836	
6.580000	0.01341158	
6.600000	0.01052956	
6.620000	0.00530964	
6.640000	0.00028254	
6.660000	-0.00567985	
6.680000	-0.00918701	
6.700000	-0.01094091	
6.720000	-0.01094091	
6.740000	-0.01017450	
6.760000	-0.00923921	
6.780000	-0.00641492	
6.800000	-0.00354417	
6.820000	0.00114475	
6.840000	0.00498416	
6.860000	0.00941353	
6.880000	0.01194754	
6.900000	0.01438412	
6.920000	0.01530078	
6.940000	0.01485923	
6.960000	0.01253954	
6.980000	0.00753087	
7.000000	0.00206551	
7.020000	-0.00448172	
7.040000	-0.00833954	
7.060000	-0.01105779	
7.080000	-0.01152533	
7.100000	-0.01138675	
7.120000	-0.01062280	
7.140000	-0.00798316	
7.160000	-0.00511302	
7.180000	0.00067025	
7.200000	0.00548200	
7.220000	0.01228714	
7.240000	0.01612042	
7.260000	0.01983373	
7.280000	0.02071701	
7.300000	0.02072868	
7.320000	0.01973505	
7.340000	0.01675397	
7.360000	0.01355180	
7.380000	0.00870730	
7.400000	0.00391397	
7.420000	-0.00175036	
7.440000	-0.00569274	
7.460000	-0.00717561	
7.480000	-0.00679342	
7.500000	-0.00595680	
7.520000	-0.00564300	
7.540000	-0.00417875	
7.560000	-0.00238985	
7.580000	0.00193593	
7.600000	0.00652701	
7.620000	0.01300156	
7.640000	0.01744422	
7.660000	0.02114341	
7.680000	0.02232005	
7.700000	0.02139111	
7.720000	0.01978378	
7.740000	0.01484123	
7.760000	0.01018158	
7.780000	0.00258258	
7.800000	-0.00275238	
7.820000	-0.00815347	
7.840000	-0.01060848	
7.860000	-0.01152554	
7.880000	-0.01117468	
7.900000	-0.00939499	
7.920000	-0.00764151	
7.940000	-0.00420189	
7.960000	-0.00124986	
7.980000	0.00429431	
8.000000	0.00890873	
8.020000	0.01573926	
8.040000	0.01953629	
8.059999	0.02254522	
8.080000	0.02214748	
8.099999	0.01910007	
8.120000	0.01399969	
8.139999	0.00610839	
8.160000	-0.00041898	
8.179999	-0.00506307	
8.200000	-0.00666733	
8.220000	-0.00792399	
8.240000	-0.00848980	
8.260000	-0.00749597	
8.280000	-0.00501169	
8.300000	-0.00080217	
8.320000	0.00362535	
8.340000	0.01046467	
8.360000	0.01681374	
8.380000	0.02386923	
8.400000	0.02796105	
8.420000	0.03088686	
8.440000	0.03132862	
8.460000	0.02871354	
8.480000	0.02350180	
8.500000	0.01475954	
8.520000	0.00594668	
8.540000	-0.00319557	
8.559999	-0.00869040	
8.580000	-0.01094091	
8.599999	-0.01035628	
8.620000	-0.00817209	
8.639999	-0.00542457	
8.660000	-0.00015122	
8.679999	0.00464538	
8.700000	0.01212461	
8.720000	0.01743461	
8.740000	0.02301849	
8.760000	0.02523993	
8.780000	0.02480453	
8.800000	0.02101895	
8.820000	0.01380235	
8.840000	0.00517453	
8.860000	-0.00348788	
8.880000	-0.00851150	
8.900000	-0.01038228	
8.920000	-0.01049916	
8.940000	-0.00968547	
8.960000	-0.00866421	
8.980000	-0.00622578	
9.000000	-0.00423853	
9.020000	0.00035173	
9.040000	0.00399278	
9.059999	0.00858960	
9.080000	0.01079854	
9.099999	0.01614866	
9.120000	0.01985542	
9.139999	0.02395952	
9.160000	0.02433801	
9.179999	0.02199702	
9.200000	0.01734658	
9.220000	0.00927249	
9.240000	0.00123645	
9.260000	-0.00603786	
9.280000	-0.00951597	
9.300000	-0.01024328	
9.320000	-0.01026785	
9.340000	-0.01064081	
9.360000	-0.01108237	
9.380000	-0.00967667	
9.400000	-0.00792319	
9.420000	-0.00426187	
9.440000	-0.00168097	
9.460000	0.00409678	
9.480000	0.00989969	
9.500000	0.01812568	
9.520000	0.02338859	
9.540000	0.02752298	
9.559999	0.02869961	
9.580000	0.02678421	
9.599999	0.02202977	
9.620000	0.01417308	
9.639999	0.00726905	
9.660000	0.00008132	
9.679999	-0.00398654	
9.700000	-0.00796166	
9.719999	-0.00973479	
9.740000	-0.01117468	
9.760000	-0.01090980	
9.780000	-0.00814283	
9.800000	-0.00515887	
9.820000	0.00053842	
9.840000	0.00550738	
9.860000	0.01306358	
9.880000	0.01892649	
9.900000	0.02621390	
9.920000	0.03039803	
9.940000	0.03318650	
9.960000	0.03289418	
9.980000	0.02886686	
10.000000	0.02308646	
10.020000	0.01344126	
10.040000	0.00449778	
10.059999	-0.00383854	
10.080000	-0.00857352	
10.099999	-0.01115708	
10.120000	-0.01217711	
10.139999	-0.01241109	
10.160000	-0.01144181	
10.179999	-0.00817455	
10.200000	-0.00476708	
10.219999	0.00141865	
10.240000	0.00620542	
10.260000	0.01358762	
10.280000	0.01805936	
10.300000	0.02232844	
10.320000	0.02335380	
10.340000	0.02173787	
10.360000	0.01798648	
10.380000	0.01140222	
10.400000	0.00420916	
10.420000	-0.00363097	
10.440000	-0.00865193	
10.460000	-0.01142524	
10.480000	-0.01210198	
10.500000	-0.01290749	
10.520000	-0.01295170	
10.540000	-0.01225019	
10.559999	-0.01142032	
10.580000	-0.00744520	
10.599999	-0.00430034	
10.620000	0.00202437	
10.639999	0.00590000	
10.660000	0.01201694	
10.679999	0.01527131	
10.700000	0.01879117	
10.719999	0.02006996	
10.740000	0.01956639	
10.760000	0.01723891	
10.780000	0.01220649	
10.800000	0.00720273	
10.820000	0.00063320	
10.840000	-0.00345206	
10.860000	-0.00702597	
10.880000	-0.00827548	
10.900000	-0.00969796	
10.920000	-0.00984575	
10.940000	-0.00810741	
10.960000	-0.00535989	
10.980000	-0.00110002	
11.000000	0.00199959	
11.020000	0.00746515	
11.040000	0.01163046	
11.059999	0.01733266	
11.080000	0.02005358	
11.099999	0.02098088	
11.120000	0.01915452	
11.139999	0.01405947	
11.160000	0.00809729	
11.179999	-0.00110187	
11.200000	-0.00680181	
11.219999	-0.01077694	
11.240000	-0.01091921	
11.259999	-0.01129135	
11.280000	-0.01096036	
11.300000	-0.00955753	
11.320000	-0.00780384	
11.340000	-0.00457853	
11.360000	-0.00178558	
11.380000	0.00365359	
11.400000	0.00784795	
11.420000	0.01259604	
11.440000	0.01434666	
11.460000	0.01355180	
11.480000	0.01112279	
11.500000	0.00615384	
11.520000	0.00198035	
11.540000	-0.00426923	
11.559999	-0.00801039	
11.580000	-0.01079312	
11.599999	-0.01129177	
11.620000	-0.01152554	
11.639999	-0.01152554	
11.660000	-0.01059005	
11.679999	-0.00972067	
11.700000	-0.00658238	
11.719999	-0.00362298	
11.740000	0.00137074	
11.759999	0.00419503	
11.780000	0.00764693	
11.800000	0.00874005	
11.820000	0.00798285	
11.840000	0.00541261	
11.860000	0.00044385	
11.880000	-0.00392431	
11.900000	-0.00825807	
11.920000	-0.01003653	
11.940000	-0.01118696	
11.960000	-0.01160538	
11.980000	-0.01158081	
12.000000	-0.01068257	
12.020000	-0.00815450	
12.040000	-0.00525017	
12.059999	0.00024447	
12.080000	0.00399852	
12.099999	0.00781664	
12.120000	0.00869359	
12.139999	0.00838427	
12.160000	0.00719188	
12.179999	0.00365850	
12.200000	-0.00011764	
12.219999	-0.00588126	
12.240000	-0.00918701	
12.259999	-0.01138368	
12.280000	-0.01159309	
12.300000	-0.01171018	
12.320000	-0.01150078	
12.340000	-0.01091880	
12.360000	-0.01056814	
12.380000	-0.00774406	
12.400000	-0.00529234	
12.420000	-0.00041263	
12.440000	0.00199305	
12.460000	0.00575876	
12.480000	0.00711839	
12.500000	0.00762995	
12.520000	0.00545661	
12.540000	0.00085407	
12.559999	-0.00345206	
12.580000	-0.00751787	
12.599999	-0.00917432	
12.620000	-0.01005782	
12.639999	-0.01009467	
12.660000	-0.00854875	
12.679999	-0.00711337	
12.700000	-0.00428888	
12.719999	-0.00252250	
12.740000	0.00204892	
12.759999	0.00596632	
12.780000	0.01071420	
12.799999	0.01254691	
12.820000	0.01238908	
12.840000	0.00984955	
12.860000	0.00432912	
12.880000	-0.00168547	
12.900000	-0.00806034	
12.920000	-0.01142810	
12.940000	-0.01356684	
12.960000	-0.01429927	
12.980000	-0.01503251	
13.000000	-0.01500754	
13.020000	-0.01385158	
13.040000	-0.01272060	
13.059999	-0.00850904	
13.080000	-0.00506246	
13.099999	0.00110382	
13.120000	0.00428408	
13.139999	0.00899102	
13.160000	0.01097868	
13.179999	0.01276737	
13.200000	0.01254588	
13.219999	0.01015536	
13.240000	0.00677675	
13.259999	0.00040823	
13.280000	-0.00437240	
13.299999	-0.00810680	
13.320000	-0.00873463	
13.340000	-0.00961772	
13.360000	-0.01033786	
13.380000	-0.01005660	
13.400000	-0.00856616	
13.420000	-0.00560267	
13.440000	-0.00304347	
13.460000	0.00205567	
13.480000	0.00616775	
13.500000	0.01187651	
13.520000	0.01467173	
13.540000	0.01642255	
13.559999	0.01593351	
13.580000	0.01251069	
13.599999	0.00803915	
13.620000	0.00053392	
13.639999	-0.00469644	
13.660000	-0.00916798	
13.679999	-0.01055935	
13.700000	-0.01108237	
13.719999	-0.01075095	
13.740000	-0.00997840	
13.759999	-0.00930411	
13.780000	-0.00675350	
13.799999	-0.00464466	
13.820000	-0.00166336	
13.840000	-0.00066973	
13.860000	-0.00012849	
13.880000	-0.00075059	
13.900000	-0.00422829	
13.920000	-0.00720958	
13.940000	-0.01100437	
13.960000	-0.01195419	
13.980000	-0.01338957	
14.000000	-0.01373203	
14.020000	-0.01349355	
14.040000	-0.01272081	
14.059999	-0.01042342	
14.080000	-0.00835572	
14.099999	-0.00491732	
14.120000	-0.00272393	
14.139999	0.00117116	
14.160000	0.00360201	
14.179999	0.00479870	
14.200000	0.00354387	
14.219999	-0.00087443	
14.240000	-0.00467435	
14.259999	-0.00885847	
14.280000	-0.00987953	
14.299999	-0.01063938	
14.320000	-0.01060008	
14.340000	-0.00955385	
14.360000	-0.00835244	
14.380000	-0.00591791	
14.400000	-0.00458939	
14.420000	-0.00242834	
14.440000	-0.00151515	
14.460000	0.00042829	
14.480000	0.00115745	
14.500000	-0.00076532	
14.520000	-0.00439778	
14.540000	-0.00872357	
14.559999	-0.01028667	
14.580000	-0.01094747	
14.599999	-0.01071370	
14.620000	-0.00920913	
14.639999	-0.00745563	
14.660000	-0.00507413	
14.679999	-0.00407395	
14.700000	-0.00467025	
14.719999	-0.00613448	
14.740000	-0.00874977	
14.759999	-0.01002385	
14.780000	-0.01105043	
14.799999	-0.01105043	
14.820000	-0.01116751	
14.839999	-0.01108237	
14.860000	-0.01108237	
14.880000	-0.01108237	
14.900000	-0.01202379	
14.920000	-0.01275600	
14.940000	-0.01374984	
14.960000	-0.01401146	
14.980000	-0.01453447	
15.000000	-0.01479587	
15.020000	-0.01534775	
15.040000	-0.01563843	
15.059999	-0.01592891	
15.080000	-0.01592891	
15.099999	-0.01616144	
15.120000	-0.01639399	
15.139999	-0.01662654	
15.160000	-0.01662654	
15.179999	-0.01662654	
15.200000	-0.01662654	
15.219999	-0.01662654	
15.240000	-0.01662654	
15.259999	-0.01650453	
15.280000	-0.01638253	
15.299999	-0.01589595	
15.320000	-0.01556453	
15.339999	-0.01474512	
15.360000	-0.01429026	
15.380000	-0.01273145	
15.400000	-0.01167375	
15.420000	-0.00973296	
15.440000	-0.00871170	
15.460000	-0.00683436	
15.480000	-0.00584626	
15.500000	-0.00488047	
15.520000	-0.00475684	
15.540000	-0.00625280	
15.559999	-0.00797722	
15.580000	-0.01268293	
15.599999	-0.01586279	
15.620000	-0.01906987	
15.639999	-0.01933004	
15.660000	-0.01945655	
15.679999	-0.01949094	
15.700000	-0.01945655	
15.719999	-0.01949094	
15.740000	-0.01936628	
15.759999	-0.01927601	
15.780000	-0.01851881	
15.799999	-0.01788647	
15.820000	-0.01626033	
15.839999	-0.01490048	
15.860000	-0.01218060	
15.880000	-0.01045494	
15.900000	-0.00664747	
15.920000	-0.00416176	
15.940000	0.00063647	
15.960000	0.00314797	
15.980000	0.00620665	
16.000000	0.00695218	
16.020000	0.00672619	
16.039999	0.00541896	
16.059999	0.00201352	
16.080000	-0.00146459	
16.100000	-0.00591013	
16.119999	-0.00844988	
16.139999	-0.01043713	
16.160000	-0.01096036	
16.180000	-0.01181458	
16.199999	-0.01231140	
16.219999	-0.01304361	
16.240000	-0.01321618	
16.260000	-0.01248580	
16.279999	-0.01151961	
16.299999	-0.00927831	
16.320000	-0.00796616	
16.340000	-0.00521885	
16.359999	-0.00378346	
16.379999	-0.00036064	
16.400000	0.00162703	
16.420000	0.00361450	
16.440001	0.00361450	
16.459999	0.00209069	
16.480000	-0.00065663	
16.500000	-0.00531158	
16.520000	-0.00842531	
16.539999	-0.01093067	
16.559999	-0.01152840	
16.580000	-0.01261660	
16.600000	-0.01318425	
16.619999	-0.01269132	
16.639999	-0.01172492	
16.660000	-0.00900994	
16.680000	-0.00723170	
16.699999	-0.00388439	
16.719999	-0.00187728	
16.740000	0.00309148	
16.760000	0.00653847	
16.779999	0.01012097	
16.799999	0.01083069	
16.820000	0.01001044	
16.840000	0.00841519	
16.859999	0.00472459	
16.879999	0.00119102	
16.900000	-0.00411488	
16.920000	-0.00742719	
16.940001	-0.01007687	
16.959999	-0.01062936	
16.980000	-0.01212819	
17.000000	-0.01296501	
17.020000	-0.01296501	
17.039999	-0.01212819	
17.059999	-0.00867648	
17.080000	-0.00585240	
17.100000	-0.00117576	
17.119999	0.00105345	
17.139999	0.00531517	
17.160000	0.00763793	
17.180000	0.01024666	
17.199999	0.01061369	
17.219999	0.00907986	
17.240000	0.00649610	
17.260000	0.00161517	
17.279999	-0.00269957	
17.299999	-0.00725523	
17.320000	-0.00951332	
17.340000	-0.01126024	
17.359999	-0.01209708	
17.379999	-0.01217711	
17.400000	-0.01113907	
17.420000	-0.00793301	
17.440001	-0.00492407	
17.459999	0.00091057	
17.480000	0.00485234	
17.500000	0.00936072	
17.520000	0.01083539	
17.539999	0.01275653	
17.559999	0.01355159	
17.580000	0.01209411	
17.600000	0.00851671	
17.619999	0.00185876	
17.639999	-0.00354049	
17.660000	-0.00801243	
17.680000	-0.00966664	
17.699999	-0.01115708	
17.719999	-0.01225019	
17.740000	-0.01288149	
17.760000	-0.01259901	
17.779999	-0.01156116	
17.799999	-0.01072209	
17.820000	-0.00752646	
17.840000	-0.00484486	
17.859999	0.00117259	
17.879999	0.00501037	
17.900000	0.00973777	
17.920000	0.01112872	
17.940001	0.01089476	
17.959999	0.00816976	
17.980000	0.00262067	
18.000000	-0.00271410	
18.020000	-0.00695637	
18.039999	-0.00837435	
18.059999	-0.00912724	
18.080000	-0.00963798	
18.100000	-0.00897555	
18.119999	-0.00782737	
18.139999	-0.00506184	
18.160000	-0.00315565	
18.180000	0.00157483	
18.199999	0.00638618	
18.219999	0.01151194	
18.240000	0.01406887	
18.260000	0.01482587	
18.279999	0.01495565	
18.299999	0.01170620	
18.320000	0.00735258	
18.340000	0.00011018	
18.359999	-0.00537422	
18.379999	-0.01056467	
18.400000	-0.01302294	
18.420000	-0.01395905	
18.440001	-0.01395905	
18.459999	-0.01356152	
18.480000	-0.01324750	
18.500000	-0.01209708	
18.520000	-0.01127990	
18.539999	-0.00839092	
18.559999	-0.00633878	
18.580000	-0.00334193	
18.600000	-0.00248995	
18.619999	-0.00163819	
18.639999	-0.00163819	
18.660000	-0.00339146	
18.680000	-0.00572589	
18.699999	-0.00806034	
18.719999	-0.00864148	
18.740000	-0.00902796	
18.760000	-0.00941443	
18.779999	-0.00956571	
18.799999	-0.00933030	
18.820000	-0.00708267	
18.840000	-0.00483380	
18.859999	-0.00135712	
18.879999	0.00075664	
18.900000	0.00460199	
18.920000	0.00758594	
18.939999	0.01036376	
18.959999	0.01117314	
18.980000	0.00964484	
19.000000	0.00697735	
19.020000	0.00122438	
19.039999	-0.00354581	
19.059999	-0.00828059	
19.080000	-0.00992967	
19.100000	-0.01113783	
19.119999	-0.01168521	
19.139999	-0.01223299	
19.160000	-0.01223299	
19.180000	-0.01147763	
19.199999	-0.01074521	
19.219999	-0.00787610	
19.240000	-0.00566776	
19.260000	-0.00200686	
19.279999	-0.00048263	
19.299999	0.00223377	
19.320000	0.00352032	
19.340000	0.00467096	
19.359999	0.00390743	
19.379999	0.00021479	
19.400000	-0.00386474	
19.420000	-0.00753199	
19.439999	-0.00857823	
19.459999	-0.00895591	
19.480000	-0.00930656	
19.500000	-0.00867894	
19.520000	-0.00819625	
19.539999	-0.00613120	
19.559999	-0.00480269	
19.580000	-0.00239702	
19.600000	-0.00107177	
19.619999	0.00173880	
19.639999	0.00344397	
19.660000	0.00457987	
19.680000	0.00402410	
19.699999	0.00064549	
19.719999	-0.00347151	
19.740000	-0.00831048	
19.760000	-0.01029794	
19.779999	-0.01160538	
19.799999	-0.01190363	
19.820000	-0.01249972	
19.840000	-0.01278222	
19.859999	-0.01225019	
19.879999	-0.01106946	
19.900000	-0.00785808	
19.920000	-0.00461374	
19.939999	0.00130606	
19.959999	0.00604452	
19.980000	0.01141101	
20.000000	0.01384984	
20.020000	0.01543997	
20.039999	0.01530242	
20.059999	0.01210067	
20.080000	0.00786413	
20.100000	0.00104527	
20.119999	-0.00380211	
20.139999	-0.00839236	
20.160000	-0.01017000	
20.180000	-0.01085493	
20.199999	-0.01076281	
20.219999	-0.01043141	
20.240000	-0.01022199	
20.260000	-0.00907156	
20.279999	-0.00802267	
20.299999	-0.00531793	
20.320000	-0.00346003	
20.340000	-0.00042368	
20.359999	0.00116052	
20.379999	0.00330888	
20.400000	0.00414774	
20.420000	0.00455143	
20.439999	0.00429575	
20.459999	0.00058591	
20.480000	-0.00353107	
20.500000	-0.00843248	
20.520000	-0.00987953	
20.539999	-0.01169156	
20.559999	-0.01271917	
20.580000	-0.01406427	
20.600000	-0.01433899	
20.619999	-0.01418300	
20.639999	-0.01361515	
20.660000	-0.01178981	
20.680000	-0.01024389	
20.699999	-0.00655289	
20.719999	-0.00410527	
20.740000	0.00178690	
20.760000	0.00552970	
20.779999	0.00970338	
20.799999	0.01018219	
20.820000	0.01044768	
20.840000	0.00987493	
20.859999	0.00758921	
20.879999	0.00421202	
20.900000	-0.00141813	
20.920000	-0.00506184	
20.939999	-0.00782247	
20.959999	-0.00821590	
20.980000	-0.00887811	
21.000000	-0.00928752	
21.020000	-0.00817394	
21.039999	-0.00684910	
21.059999	-0.00383730	
21.080000	-0.00201668	
21.100000	0.00290889	
21.119999	0.00672024	
21.139999	0.01223433	
21.160000	0.01452659	
21.180000	0.01645981	
21.199999	0.01659593	
21.219999	0.01416631	
21.240000	0.00995067	
21.260000	0.00259691	
21.279999	-0.00344633	
21.299999	-0.00836287	
21.320000	-0.01014093	
21.340000	-0.01118696	
21.359999	-0.01181458	
21.379999	-0.01158205	
21.400000	-0.01068380	
21.420000	-0.00791663	
21.439999	-0.00599201	
21.459999	-0.00215997	
21.480000	0.00009361	
21.500000	0.00428613	
21.520000	0.00642814	
21.539999	0.00758921	
21.559999	0.00679456	
21.580000	0.00272015	
21.600000	-0.00165232	
21.619999	-0.00720672	
21.639999	-0.00948179	
21.660000	-0.01118696	
21.680000	-0.01170978	
21.699999	-0.01255152	
21.719999	-0.01287003	
21.740000	-0.01222521	
21.760000	-0.01135911	
21.779999	-0.00836062	
21.799999	-0.00632589	
21.820000	-0.00296302	
21.840000	-0.00173296	
21.859999	0.00008520	
21.879999	0.00067312	
21.900000	-0.00005235	
21.920000	-0.00169714	
21.939999	-0.00448990	
21.959999	-0.00568700	
21.980000	-0.00723313	
22.000000	-0.00763045	
22.020000	-0.00831048	
22.039999	-0.00854711	
22.059999	-0.00902018	
