Time	Hip_Knee-Angle_left X
0.000000	87.18957520	
0.020000	87.43370056	
0.040000	87.63425446	
0.060000	88.21420288	
0.080000	88.86627197	
0.100000	89.46311951	
0.120000	89.86548615	
0.140000	90.40439606	
0.160000	91.21041107	
0.180000	91.74810791	
0.200000	92.14658356	
0.220000	92.41459656	
0.240000	92.40943146	
0.260000	92.47890472	
0.280000	92.41940308	
0.300000	92.46817017	
0.320000	92.12175751	
0.340000	91.48747253	
0.360000	90.65380859	
0.380000	89.57450104	
0.400000	88.33358765	
0.420000	86.96032715	
0.440000	85.61936188	
0.460000	84.34107208	
0.480000	83.27923584	
0.500000	82.37919617	
0.520000	81.72286224	
0.540000	81.19850922	
0.560000	80.87742615	
0.580000	80.66452789	
0.600000	80.58773804	
0.620000	80.63037109	
0.640000	80.75569916	
0.660000	81.03024292	
0.680000	81.23844910	
0.700000	81.53698730	
0.720000	81.74748230	
0.740000	82.11616516	
0.760000	82.46537781	
0.780000	83.01717377	
0.800000	83.55557251	
0.820000	84.09130859	
0.840000	84.42163849	
0.860000	84.75188446	
0.880000	85.10668182	
0.900000	85.62629700	
0.920000	86.13070679	
0.940000	86.67563629	
0.960000	87.12108612	
0.980000	87.61037445	
1.000000	87.95034790	
1.020000	88.32212830	
1.040000	88.55709839	
1.060000	88.93707275	
1.080000	89.29286194	
1.100000	89.76348877	
1.120000	90.19195557	
1.140000	90.71684265	
1.160000	91.23246765	
1.180000	91.80857086	
1.200000	92.24993134	
1.220000	92.66928864	
1.240000	92.95419312	
1.260000	93.13831329	
1.280000	93.19976044	
1.300000	93.11754608	
1.320000	92.99378204	
1.340000	92.58992767	
1.360000	91.96978760	
1.380000	90.96939087	
1.400000	89.82073212	
1.420000	88.47732544	
1.440000	87.17861938	
1.460000	85.87514496	
1.480000	84.71390533	
1.500000	83.60546112	
1.520000	82.71240234	
1.540000	81.95498657	
1.560000	81.43538666	
1.580000	81.06340790	
1.600000	80.89276886	
1.620000	80.90717316	
1.640000	81.02814484	
1.660000	81.30419922	
1.680000	81.55609894	
1.700000	81.84174347	
1.720000	81.97781372	
1.740000	82.17355347	
1.760000	82.48998260	
1.780000	83.02154541	
1.800000	83.46667480	
1.820000	83.85845184	
1.840000	84.19344330	
1.860000	84.72222900	
1.880000	85.28820801	
1.900000	85.92813110	
1.920000	86.51572418	
1.940000	87.13623047	
1.960000	87.62214661	
1.980000	88.09149933	
2.000000	88.48418427	
2.020000	88.96430206	
2.040000	89.43756866	
2.060000	89.95874023	
2.080000	90.47496796	
2.100000	91.06912231	
2.120000	91.55742645	
2.140000	92.03721619	
2.160000	92.33707428	
2.180000	92.71496582	
2.200000	92.95531464	
2.220000	93.15778351	
2.240000	93.20603180	
2.260000	93.11109924	
2.280000	92.91204834	
2.300000	92.51335144	
2.320000	92.02981567	
2.340000	91.32717133	
2.360000	90.49018097	
2.380000	89.47280884	
2.400000	88.36981201	
2.420000	87.15337372	
2.440000	85.94324493	
2.460000	84.76462555	
2.480000	83.72954559	
2.500000	82.82203674	
2.520000	82.17794037	
2.540000	81.70674896	
2.560000	81.45358276	
2.580000	81.29906464	
2.600000	81.29339600	
2.620000	81.41470337	
2.640000	81.63854218	
2.660000	82.02090454	
2.680000	82.38463593	
2.700000	82.70781708	
2.720000	82.89785004	
2.740000	83.24540710	
2.760000	83.67890167	
2.780000	84.24368286	
2.800000	84.64867401	
2.820000	85.03749847	
2.840000	85.43227386	
2.860000	85.99945068	
2.880000	86.63365173	
2.900000	87.31301117	
2.920000	87.95019531	
2.940000	88.58891296	
2.960000	89.13324738	
2.980000	89.61164093	
3.000000	89.96850586	
3.020000	90.31194305	
3.040000	90.64673615	
3.060000	91.07866669	
3.080000	91.47008514	
3.100000	91.87977600	
3.120000	92.17182159	
3.140000	92.47874451	
3.160000	92.63842010	
3.180000	92.71737671	
3.200000	92.66336823	
3.220000	92.50572968	
3.240000	92.22678375	
3.260000	91.72528839	
3.280000	91.04484558	
3.300000	90.11914063	
3.320000	89.05107117	
3.340000	87.82266998	
3.360000	86.56902313	
3.380000	85.30158997	
3.400000	84.12745667	
3.420000	83.01878357	
3.440000	82.10115814	
3.460000	81.31745911	
3.480000	80.81979370	
3.500000	80.43404388	
3.520000	80.24781799	
3.540000	80.16836548	
3.560000	80.26373291	
3.580000	80.53366089	
3.600000	80.89133453	
3.620000	81.28920746	
3.640000	81.64661407	
3.660000	82.04387665	
3.680000	82.57872772	
3.700000	83.27062225	
3.720000	83.94865417	
3.740000	84.57110596	
3.760000	85.07906342	
3.780000	85.66114807	
3.800000	86.28955078	
3.820000	86.96281433	
3.840000	87.61117554	
3.860000	88.25646973	
3.880000	88.86029816	
3.900000	89.42857361	
3.920000	89.92227936	
3.940000	90.45288849	
3.960000	91.04205322	
3.980000	91.70005035	
4.000000	92.34613037	
4.020000	92.97360992	
4.040000	93.56783295	
4.060000	94.20432281	
4.080000	94.77788544	
4.100000	95.32263947	
4.120000	95.69786072	
4.140000	95.99687958	
4.160000	96.15982056	
4.180000	96.18811798	
4.200000	96.10256958	
4.220000	95.83084869	
4.240000	95.41162872	
4.260000	94.72804260	
4.280000	93.82217407	
4.300000	92.63645935	
4.320000	91.27919769	
4.340000	89.78203583	
4.360000	88.30213165	
4.380000	86.83360291	
4.400000	85.46408081	
4.420000	84.22946930	
4.440000	83.24253845	
4.460000	82.50901794	
4.480000	82.04941559	
4.500000	81.77057648	
4.520000	81.69216156	
4.540000	81.76770782	
4.560000	81.94950867	
4.580000	82.23287964	
4.600000	82.51023865	
4.620000	82.80178070	
4.640000	83.16227722	
4.660000	83.77991486	
4.680000	84.53618622	
4.700000	85.22106934	
4.720000	85.66762543	
4.740000	86.16107941	
4.760000	86.83278656	
4.780000	87.64452362	
4.800000	88.33975220	
4.820000	88.95234680	
4.840000	89.47486115	
4.860000	90.05056000	
4.880000	90.55886078	
4.900000	91.14243317	
4.920000	91.62172699	
4.940000	92.07166290	
4.960000	92.41477966	
4.980000	92.73590088	
5.000000	92.97834778	
5.020000	93.11305237	
5.040000	93.20180511	
5.060000	93.19909668	
5.080000	93.11270142	
5.100000	92.82734680	
5.120000	92.37203979	
5.140000	91.60987854	
5.160000	90.62711334	
5.180000	89.39943695	
5.200000	88.18436432	
5.220000	86.96939087	
5.240000	85.89192963	
5.260000	84.90486145	
5.280000	84.10829926	
5.300000	83.43109131	
5.320000	82.91050720	
5.340000	82.50203705	
5.360000	82.27080536	
5.380000	82.14430237	
5.400000	82.10837555	
5.420000	82.14621735	
5.440000	82.22876740	
5.460000	82.42264557	
5.480000	82.59323120	
5.500000	82.81866455	
5.520000	83.04383850	
5.540000	83.44985199	
5.560000	83.92967987	
5.580000	84.34914398	
5.600000	84.61426544	
5.620000	84.88166809	
5.640000	85.28074646	
5.660000	85.89810944	
5.680000	86.49983978	
5.700000	87.11341095	
5.720000	87.58193970	
5.740000	88.08698273	
5.760000	88.52867889	
5.780000	89.04659271	
5.800000	89.48695374	
5.820000	89.94324493	
5.840000	90.30326080	
5.860000	90.75210571	
5.880000	91.07450104	
5.900000	91.38962555	
5.920000	91.55548096	
5.940000	91.67219543	
5.960000	91.61395264	
5.980000	91.35601807	
6.000000	90.87718964	
6.020000	90.13678741	
6.040000	89.16735077	
6.060000	88.03528595	
6.080000	86.85882568	
6.100000	85.70291901	
6.120000	84.63040161	
6.140000	83.72534180	
6.160000	83.04675293	
6.180000	82.56655121	
6.200000	82.27063751	
6.220000	82.04445648	
6.240000	81.93119812	
6.260000	81.92014313	
6.280000	82.01236725	
6.300000	82.23950958	
6.320000	82.45913696	
6.340000	82.70642090	
6.360000	82.87702942	
6.380000	83.19548035	
6.400000	83.72316742	
6.420000	84.44344330	
6.440000	85.03376007	
6.460000	85.56779480	
6.480000	86.04441071	
6.500000	86.71582794	
6.520000	87.35298157	
6.540000	87.99997711	
6.560000	88.51387787	
6.580000	89.05955505	
6.600000	89.52860260	
6.620000	90.03176117	
6.640000	90.41517639	
6.660000	90.85253143	
6.680000	91.20343018	
6.700000	91.60641479	
6.720000	91.86746979	
6.740000	92.15615845	
6.760000	92.30398560	
6.780000	92.39162445	
6.800000	92.29062653	
6.820000	91.96442413	
6.840000	91.42304230	
6.860000	90.62541962	
6.880000	89.67916870	
6.900000	88.58024597	
6.920000	87.45952606	
6.940000	86.38517761	
6.960000	85.47657013	
6.980000	84.68207550	
7.000000	84.09510040	
7.020000	83.57275391	
7.040000	83.23791504	
7.060000	82.94618988	
7.080000	82.80833435	
7.100000	82.72204590	
7.120000	82.69822693	
7.140000	82.77379608	
7.160000	82.89636993	
7.180000	83.09144592	
7.200000	83.21518707	
7.220000	83.46300507	
7.240000	83.87862396	
7.260000	84.48082733	
7.280000	84.97439575	
7.300000	85.35319519	
7.320000	85.65491486	
7.340000	86.14946747	
7.360000	86.70099640	
7.380000	87.33300018	
7.400000	87.83733368	
7.420000	88.35890198	
7.440000	88.78407288	
7.460000	89.22574615	
7.480000	89.57836151	
7.500000	89.95952606	
7.520000	90.32968140	
7.540000	90.76061249	
7.560000	91.15441132	
7.580000	91.53192902	
7.600000	91.80073547	
7.620000	92.10990906	
7.640000	92.31044769	
7.660000	92.51433563	
7.680000	92.58975220	
7.700000	92.65489197	
7.720000	92.65546417	
7.740000	92.59745789	
7.760000	92.53652954	
7.780000	92.36190033	
7.800000	92.11315918	
7.820000	91.60887909	
7.840000	90.95350647	
7.860000	90.04113770	
7.880000	89.00265503	
7.900000	87.79540253	
7.920000	86.58265686	
7.940000	85.35588837	
7.960000	84.23112488	
7.980000	83.19467926	
8.000000	82.34893036	
8.020000	81.69234467	
8.040000	81.23475647	
8.059999	80.89541626	
8.080000	80.70114136	
8.099999	80.63522339	
8.120000	80.67089081	
8.139999	80.84561157	
8.160000	81.04467010	
8.179999	81.38114166	
8.200000	81.63988495	
8.220000	81.95392609	
8.240000	82.15708923	
8.260000	82.47287750	
8.280000	82.85320282	
8.300000	83.37131500	
8.320000	83.82486725	
8.340000	84.17269897	
8.360000	84.43470001	
8.380000	84.73880768	
8.400000	85.09406281	
8.420000	85.52559662	
8.440000	85.94985199	
8.460000	86.44470215	
8.480000	86.90866089	
8.500000	87.42868042	
8.520000	87.90017700	
8.540000	88.41938782	
8.559999	88.84391022	
8.580000	89.27292633	
8.599999	89.63887024	
8.620000	90.06909180	
8.639999	90.46669006	
8.660000	90.88063049	
8.679999	91.24038696	
8.700000	91.63366699	
8.720000	92.01134491	
8.740000	92.39989471	
8.760000	92.66690063	
8.780000	92.87654114	
8.800000	92.99437714	
8.820000	93.10071564	
8.840000	93.13368225	
8.860000	93.12181854	
8.880000	93.10254669	
8.900000	92.93059540	
8.920000	92.63431549	
8.940000	92.06860352	
8.960000	91.30707550	
8.980000	90.29073334	
9.000000	89.15381622	
9.020000	87.92705536	
9.040000	86.69975281	
9.059999	85.44873047	
9.080000	84.30656433	
9.099999	83.22101593	
9.120000	82.31379700	
9.139999	81.51741028	
9.160000	80.93932343	
9.179999	80.45429993	
9.200000	80.15202332	
9.220000	79.92829895	
9.240000	79.83708954	
9.260000	79.82379150	
9.280000	79.89093781	
9.300000	80.07126617	
9.320000	80.28937531	
9.340000	80.62608337	
9.360000	80.97302246	
9.380000	81.44301605	
9.400000	82.00036621	
9.420000	82.68044281	
9.440000	83.22832489	
9.460000	83.64796448	
9.480000	83.86643982	
9.500000	84.16193390	
9.520000	84.49364471	
9.540000	84.96392059	
9.559999	85.45220947	
9.580000	85.99614716	
9.599999	86.54122162	
9.620000	87.07340240	
9.639999	87.55294037	
9.660000	87.98336029	
9.679999	88.37718964	
9.700000	88.77371216	
9.719999	89.14682007	
9.740000	89.55968475	
9.760000	89.92462921	
9.780000	90.29049683	
9.800000	90.59204102	
9.820000	90.88597107	
9.840000	91.16841888	
9.860000	91.38047028	
9.880000	91.50563049	
9.900000	91.56955719	
9.920000	91.59918976	
9.940000	91.68508911	
9.960000	91.71827698	
9.980000	91.81430817	
10.000000	91.83506012	
10.020000	91.86436462	
10.040000	91.81719208	
10.059999	91.61933899	
10.080000	91.21974182	
10.099999	90.59278870	
10.120000	89.88445282	
10.139999	89.04426575	
10.160000	88.17768097	
10.179999	87.23558807	
10.200000	86.40516663	
10.219999	85.61975861	
10.240000	85.02307129	
10.260000	84.52056122	
10.280000	84.18294525	
10.300000	83.89167786	
10.320000	83.66319275	
10.340000	83.46601105	
10.360000	83.32748413	
10.380000	83.33249664	
10.400000	83.41471863	
10.420000	83.56738281	
10.440000	83.62966156	
10.460000	83.63452148	
10.480000	83.57355499	
10.500000	83.63422394	
10.520000	83.74700165	
10.540000	83.94056702	
10.559999	84.05605316	
10.580000	84.24110413	
10.599999	84.49045563	
10.620000	84.91641998	
10.639999	85.43228149	
10.660000	85.99272919	
10.679999	86.51351929	
10.700000	87.04352570	
10.719999	87.52326202	
10.740000	88.03657532	
10.760000	88.39813995	
10.780000	88.85569763	
10.800000	89.15542603	
10.820000	89.58580017	
10.840000	89.88258362	
10.860000	90.34349060	
10.880000	90.72988892	
10.900000	91.21217346	
10.920000	91.57542419	
10.940000	91.91030121	
10.960000	92.12859344	
10.980000	92.26007843	
11.000000	92.27858734	
11.020000	92.04744720	
11.040000	91.60504913	
11.059999	90.80608368	
11.080000	89.79087067	
11.099999	88.62859344	
11.120000	87.41341400	
11.139999	86.18109131	
11.160000	84.97446442	
11.179999	83.91255188	
11.200000	83.02879333	
11.219999	82.28442383	
11.240000	81.70174408	
11.259999	81.25218964	
11.280000	80.98857117	
11.300000	80.83055115	
11.320000	80.82202911	
11.340000	80.89167786	
11.360000	81.04182434	
11.380000	81.23239899	
11.400000	81.41101837	
11.420000	81.58994293	
11.440000	81.83437347	
11.460000	82.27551270	
11.480000	82.81443787	
11.500000	83.28611755	
11.520000	83.61373138	
11.540000	83.98603058	
11.559999	84.51522827	
11.580000	85.20256042	
11.599999	85.79402924	
11.620000	86.37715149	
11.639999	86.77338409	
11.660000	87.30982971	
11.679999	87.68269348	
11.700000	88.21173859	
11.719999	88.68888092	
11.740000	89.32375336	
11.759999	89.84832001	
11.780000	90.37036896	
11.800000	90.80262756	
11.820000	91.18144226	
11.840000	91.39800262	
11.860000	91.48486328	
11.880000	91.47389221	
11.900000	91.28563690	
11.920000	90.90301514	
11.940000	90.24378204	
11.960000	89.38961792	
11.980000	88.36863708	
12.000000	87.28500366	
12.020000	86.18875122	
12.040000	85.15811920	
12.059999	84.22933960	
12.080000	83.49970245	
12.099999	82.90172577	
12.120000	82.51317596	
12.139999	82.17736816	
12.160000	82.00247192	
12.179999	81.90168762	
12.200000	81.96202087	
12.219999	82.11792755	
12.240000	82.28452301	
12.259999	82.49705505	
12.280000	82.64181519	
12.300000	82.82794952	
12.320000	83.00370789	
12.340000	83.35207367	
12.360000	83.76028442	
12.380000	84.19336700	
12.400000	84.44747925	
12.420000	84.71646881	
12.440000	84.97860718	
12.460000	85.44099426	
12.480000	85.90274811	
12.500000	86.45690918	
12.520000	86.91143036	
12.540000	87.42412567	
12.559999	87.83625793	
12.580000	88.33540344	
12.599999	88.71386719	
12.620000	89.15647888	
12.639999	89.52389526	
12.660000	89.98663330	
12.679999	90.40703583	
12.700000	90.89651489	
12.719999	91.29806519	
12.740000	91.68492889	
12.759999	91.98249054	
12.780000	92.25957489	
12.799999	92.46511078	
12.820000	92.61298370	
12.840000	92.70192719	
12.860000	92.78260040	
12.880000	92.83769226	
12.900000	92.82854462	
12.920000	92.77906036	
12.940000	92.60144806	
12.960000	92.33509827	
12.980000	91.80348969	
13.000000	91.13333130	
13.020000	90.24691772	
13.040000	89.31439209	
13.059999	88.23603821	
13.080000	87.14006805	
13.099999	86.00435638	
13.120000	84.96189880	
13.139999	84.00754547	
13.160000	83.24974060	
13.179999	82.58259583	
13.200000	82.10462952	
13.219999	81.64344025	
13.240000	81.36258698	
13.259999	81.13931274	
13.280000	81.05302429	
13.299999	81.00186920	
13.320000	81.00915527	
13.340000	81.10374451	
13.360000	81.19861603	
13.380000	81.34125519	
13.400000	81.42589569	
13.420000	81.62702942	
13.440000	81.95720673	
13.460000	82.50135803	
13.480000	83.06675720	
13.500000	83.56072998	
13.520000	83.95964050	
13.540000	84.42098236	
13.559999	84.91844177	
13.580000	85.48840332	
13.599999	86.00056458	
13.620000	86.49906158	
13.639999	86.89831543	
13.660000	87.34650421	
13.679999	87.76548004	
13.700000	88.23013306	
13.719999	88.58424377	
13.740000	88.96701813	
13.759999	89.28064728	
13.780000	89.69499969	
13.799999	90.04911041	
13.820000	90.45874023	
13.840000	90.84480286	
13.860000	91.30069733	
13.880000	91.74765015	
13.900000	92.18219757	
13.920000	92.55020905	
13.940000	92.95490265	
13.960000	93.23567200	
13.980000	93.53578949	
14.000000	93.68599701	
14.020000	93.85535431	
14.040000	93.89682007	
14.059999	93.87235260	
14.080000	93.77321625	
14.099999	93.53367615	
14.120000	93.16048431	
14.139999	92.53047943	
14.160000	91.74341583	
14.179999	90.73806000	
14.200000	89.60142517	
14.219999	88.28276825	
14.240000	86.84165955	
14.259999	85.27682495	
14.280000	83.71231842	
14.299999	82.18347168	
14.320000	80.78591919	
14.340000	79.51340485	
14.360000	78.49663544	
14.380000	77.66178894	
14.400000	77.16003418	
14.420000	76.86818695	
14.440000	76.79677582	
14.460000	76.84080505	
14.480000	77.00644684	
14.500000	77.38111877	
14.520000	77.87995911	
14.540000	78.52088165	
14.559999	79.20080566	
14.580000	79.92794037	
14.599999	80.57276154	
14.620000	81.22953033	
14.639999	81.86936188	
14.660000	82.65854645	
14.679999	83.38044739	
14.700000	83.99230957	
14.719999	84.34085846	
14.740000	84.68558502	
14.759999	84.99511719	
14.780000	85.43541718	
14.799999	85.84978485	
14.820000	86.39189911	
14.839999	86.90129089	
14.860000	87.44528198	
14.880000	87.85649109	
14.900000	88.23918915	
14.920000	88.49795532	
14.940000	88.73886108	
14.960000	88.86286926	
14.980000	89.02581024	
15.000000	89.15058136	
15.020000	89.36821747	
15.040000	89.55179596	
15.059999	89.84188843	
15.080000	90.16625977	
15.099999	90.52086639	
15.120000	90.80980682	
15.139999	91.13533783	
15.160000	91.48071289	
15.179999	91.86889648	
15.200000	92.15930939	
15.219999	92.46404266	
15.240000	92.74259186	
15.259999	93.09453583	
15.280000	93.37187195	
15.299999	93.60894012	
15.320000	93.66355896	
15.339999	93.50276184	
15.360000	93.10564423	
15.380000	92.44170380	
15.400000	91.54031372	
15.420000	90.39754486	
15.440000	89.13899994	
15.460000	87.73454285	
15.480000	86.33545685	
15.500000	84.84619904	
15.520000	83.48851013	
15.540000	82.11493683	
15.559999	80.93235016	
15.580000	79.90182495	
15.599999	79.17149353	
15.620000	78.55984497	
15.639999	78.19345093	
15.660000	77.94154358	
15.679999	77.89099121	
15.700000	77.95595551	
15.719999	78.08197784	
15.740000	78.35580444	
15.759999	78.58341980	
15.780000	78.97504425	
15.799999	79.32283783	
15.820000	79.79273987	
15.839999	80.20959473	
15.860000	80.73486328	
15.880000	81.29242706	
15.900000	81.98237610	
15.920000	82.59557343	
15.940000	83.16215515	
15.960000	83.62672424	
15.980000	84.18761444	
16.000000	84.76113892	
16.020000	85.31781006	
16.039999	85.80750275	
16.059999	86.36938477	
16.080000	86.93999481	
16.100000	87.58645630	
16.119999	88.12046051	
16.139999	88.58262634	
16.160000	88.93171692	
16.180000	89.25023651	
16.199999	89.51485443	
16.219999	89.80548859	
16.240000	90.01027679	
16.260000	90.28674316	
16.279999	90.50354004	
16.299999	90.81023407	
16.320000	91.08996582	
16.340000	91.39978027	
16.359999	91.66790771	
16.379999	91.93960571	
16.400000	92.14212799	
16.420000	92.58421326	
16.440001	92.90720367	
16.459999	93.18016052	
16.480000	93.11510468	
16.500000	93.14608765	
16.520000	93.19832611	
16.539999	93.29268646	
16.559999	93.35240173	
16.580000	93.26462555	
16.600000	93.03801727	
16.619999	92.52833557	
16.639999	91.82762146	
16.660000	90.79831696	
16.680000	89.64073944	
16.699999	88.25550842	
16.719999	86.85602570	
16.740000	85.35667419	
16.760000	83.93136597	
16.779999	82.54007721	
16.799999	81.33621216	
16.820000	80.28389740	
16.840000	79.47462463	
16.859999	78.78503418	
16.879999	78.36867523	
16.900000	78.07550049	
16.920000	77.95370483	
16.940001	77.95587158	
16.959999	78.10871124	
16.980000	78.44594574	
17.000000	78.80996704	
17.020000	79.27862549	
17.039999	79.66050720	
17.059999	80.09928894	
17.080000	80.53410339	
17.100000	81.11381531	
17.119999	81.65244293	
17.139999	82.05593109	
17.160000	82.25276947	
17.180000	82.40184021	
17.199999	82.58282471	
17.219999	82.89511108	
17.240000	83.25016785	
17.260000	83.69635010	
17.279999	84.14631653	
17.299999	84.65770721	
17.320000	85.13836670	
17.340000	85.62139130	
17.359999	86.05123138	
17.379999	86.46208191	
17.400000	86.76623535	
17.420000	87.03256989	
17.440001	87.25617218	
17.459999	87.52919006	
17.480000	87.82160950	
17.500000	88.16049957	
17.520000	88.50164032	
17.539999	88.92261505	
17.559999	89.34246826	
17.580000	89.83632660	
17.600000	90.21568298	
17.619999	90.60624695	
17.639999	90.83352661	
17.660000	91.03874207	
17.680000	91.09481812	
17.699999	91.05635071	
17.719999	90.93746948	
17.740000	90.64456940	
17.760000	90.23910522	
17.779999	89.55063629	
17.799999	88.79645538	
17.820000	87.88555908	
17.840000	86.90115356	
17.859999	85.69887543	
17.879999	84.41711426	
17.900000	83.05853271	
17.920000	81.80925751	
17.940001	80.61035156	
17.959999	79.58797455	
17.980000	78.71981049	
18.000000	78.13951874	
18.020000	77.73877716	
18.039999	77.52857208	
18.059999	77.44040680	
18.080000	77.52212524	
18.100000	77.77120209	
18.119999	78.15113068	
18.139999	78.67937469	
18.160000	79.19239044	
18.180000	79.68852997	
18.199999	80.09325409	
18.219999	80.56767273	
18.240000	81.15058136	
18.260000	81.85832977	
18.279999	82.38349915	
18.299999	82.71211243	
18.320000	82.86664581	
18.340000	83.15425110	
18.359999	83.49935150	
18.379999	83.95375061	
18.400000	84.38008118	
18.420000	84.87393188	
18.440001	85.34387970	
18.459999	85.87094879	
18.480000	86.35144043	
18.500000	86.79979706	
18.520000	87.14520264	
18.539999	87.44937897	
18.559999	87.69419861	
18.580000	87.96096802	
18.600000	88.19443512	
18.619999	88.54043579	
18.639999	88.91500092	
18.660000	89.37123871	
18.680000	89.73587036	
18.699999	90.14810181	
18.719999	90.47016907	
18.740000	90.78131866	
18.760000	90.96062469	
18.779999	91.12389374	
18.799999	91.16000366	
18.820000	91.04135132	
18.840000	90.70102692	
18.859999	90.09526062	
18.879999	89.26109314	
18.900000	88.20156097	
18.920000	87.09236908	
18.939999	85.87340546	
18.959999	84.59823608	
18.980000	83.30932617	
19.000000	82.17719269	
19.020000	81.26832581	
19.039999	80.59829712	
19.059999	80.10513306	
19.080000	79.79717255	
19.100000	79.57394409	
19.119999	79.51632690	
19.139999	79.56516266	
19.160000	79.71613312	
19.180000	79.96218872	
19.199999	80.23949432	
19.219999	80.62377167	
19.240000	80.93824768	
19.260000	81.35577393	
19.279999	81.78730011	
19.299999	82.31533051	
19.320000	82.72265625	
19.340000	83.06521606	
19.359999	83.35696411	
19.379999	83.84451294	
19.400000	84.46838379	
19.420000	85.15300751	
19.439999	85.78087616	
19.459999	86.43795013	
19.480000	87.11021423	
19.500000	87.82881927	
19.520000	88.43246460	
19.539999	89.01702881	
19.559999	89.37940979	
19.580000	89.69787598	
19.600000	89.91336060	
19.619999	90.20047760	
19.639999	90.40276337	
19.660000	90.63455963	
19.680000	90.77934265	
19.699999	90.79686737	
19.719999	90.56942749	
19.740000	90.19272614	
19.760000	89.71272278	
19.779999	89.03435516	
19.799999	88.13188171	
19.820000	87.07936096	
19.840000	85.97407532	
19.859999	84.83119965	
19.879999	83.71409607	
19.900000	82.65509033	
19.920000	81.75940704	
19.939999	80.97528076	
19.959999	80.34819031	
19.980000	79.82991791	
20.000000	79.53264618	
20.020000	79.38983917	
20.039999	79.40419769	
20.059999	79.56591797	
20.080000	79.80934143	
20.100000	80.17372131	
20.119999	80.44250488	
20.139999	80.73001099	
20.160000	80.86255646	
20.180000	81.06542969	
20.199999	81.35688782	
20.219999	81.87535095	
20.240000	82.39277649	
20.260000	82.81842041	
20.279999	83.05267334	
20.299999	83.32104492	
20.320000	83.70130920	
20.340000	84.25559998	
20.359999	84.78935242	
20.379999	85.33917236	
20.400000	85.83343506	
20.420000	86.32685089	
20.439999	86.75555420	
20.459999	87.09268188	
20.480000	87.34694672	
20.500000	87.56307220	
20.520000	87.76496887	
20.539999	88.02934265	
20.559999	88.29431915	
20.580000	88.64841461	
20.600000	88.92699432	
20.619999	89.24632263	
20.639999	89.46774292	
20.660000	89.73772430	
20.680000	89.89009857	
20.699999	89.97368622	
20.719999	89.99730682	
20.740000	89.84982300	
20.760000	89.55838013	
20.779999	89.02561951	
20.799999	88.37452698	
20.820000	87.58348083	
20.840000	86.68132019	
20.859999	85.63625336	
20.879999	84.46186066	
20.900000	83.17964935	
20.920000	81.92336273	
20.939999	80.71166992	
20.959999	79.63652802	
20.980000	78.75794220	
21.000000	78.16920471	
21.020000	77.73279572	
21.039999	77.49709320	
21.059999	77.45522308	
21.080000	77.59896851	
21.100000	77.91226196	
21.119999	78.28244781	
21.139999	78.78956604	
21.160000	79.28856659	
21.180000	79.83004761	
21.199999	80.38249969	
21.219999	81.07475281	
21.240000	81.86118317	
21.260000	82.67150879	
21.279999	83.22783661	
21.299999	83.65328979	
21.320000	83.99389648	
21.340000	84.43223572	
21.359999	84.88968658	
21.379999	85.43112946	
21.400000	85.99449158	
21.420000	86.58670807	
21.439999	87.15298462	
21.459999	87.68653870	
21.480000	88.09876251	
21.500000	88.43647766	
21.520000	88.69810486	
21.539999	88.98924255	
21.559999	89.29002380	
21.580000	89.68993378	
21.600000	90.04803467	
21.619999	90.42621613	
21.639999	90.71863556	
21.660000	91.05702209	
21.680000	91.34718323	
21.699999	91.66623688	
21.719999	91.90841675	
21.740000	92.16975403	
21.760000	92.38246155	
21.779999	92.60623932	
21.799999	92.75883484	
21.820000	92.86415863	
21.840000	92.78868103	
21.859999	92.46353149	
21.879999	91.85920715	
21.900000	90.98947144	
21.920000	89.88545990	
21.939999	88.42252350	
21.959999	87.03282166	
21.980000	85.63941956	
22.000000	84.60291290	
22.020000	83.51274872	
22.039999	82.54003143	
22.059999	81.64385986	
22.080000		
