Time	Knee_Angle_right X
0.000000	135.71890259	
0.020000	138.08132935	
0.040000	140.40760803	
0.060000	142.60136414	
0.080000	144.41809082	
0.100000	145.97834778	
0.120000	147.34823608	
0.140000	148.64093018	
0.160000	149.92681885	
0.180000	151.28837585	
0.200000	152.67274475	
0.220000	154.02427673	
0.240000	155.26524353	
0.260000	156.45793152	
0.280000	157.57421875	
0.300000	158.55924988	
0.320000	159.29609680	
0.340000	159.86866760	
0.360000	160.30598450	
0.380000	160.67344666	
0.400000	160.94837952	
0.420000	161.18139648	
0.440000	161.36352539	
0.460000	161.42131042	
0.480000	161.25825500	
0.500000	160.76258850	
0.520000	159.90998840	
0.540000	158.56695557	
0.560000	156.70945740	
0.580000	154.21665955	
0.600000	151.20141602	
0.620000	147.71533203	
0.640000	144.08477783	
0.660000	140.57644653	
0.680000	137.64074707	
0.700000	135.50477600	
0.720000	134.39918518	
0.740000	134.30871582	
0.760000	135.17156982	
0.780000	136.75944519	
0.800000	138.84136963	
0.820000	141.11909485	
0.840000	143.25451660	
0.860000	145.00743103	
0.880000	146.32202148	
0.900000	147.38172913	
0.920000	148.32147217	
0.940000	149.28952026	
0.960000	150.31657410	
0.980000	151.42584229	
1.000000	152.48109436	
1.020000	153.44314575	
1.040000	154.33122253	
1.060000	155.26205444	
1.080000	156.17977905	
1.100000	157.02397156	
1.120000	157.71278381	
1.140000	158.29133606	
1.160000	158.73045349	
1.180000	159.05052185	
1.200000	159.24826050	
1.220000	159.40582275	
1.240000	159.50247192	
1.260000	159.54907227	
1.280000	159.48481750	
1.300000	159.26283264	
1.320000	158.75511169	
1.340000	157.86032104	
1.360000	156.50199890	
1.380000	154.62200928	
1.400000	152.25897217	
1.420000	149.46578979	
1.440000	146.45222473	
1.460000	143.34397888	
1.480000	140.51489258	
1.500000	138.24702454	
1.520000	136.86119080	
1.540000	136.40580750	
1.560000	136.91297913	
1.580000	138.20785522	
1.600000	140.01574707	
1.620000	141.97724915	
1.640000	143.77201843	
1.660000	145.24760437	
1.680000	146.38015747	
1.700000	147.33480835	
1.720000	148.22973633	
1.740000	149.17356873	
1.760000	150.19729614	
1.780000	151.28369141	
1.800000	152.29785156	
1.820000	153.16346741	
1.840000	153.89631653	
1.860000	154.53933716	
1.880000	155.04269409	
1.900000	155.40107727	
1.920000	155.64540100	
1.940000	155.87532043	
1.960000	156.12622070	
1.980000	156.44129944	
2.000000	156.81576538	
2.020000	157.26356506	
2.040000	157.75921631	
2.060000	158.29629517	
2.080000	158.82211304	
2.100000	159.30993652	
2.120000	159.72383118	
2.140000	160.03404236	
2.160000	160.25090027	
2.180000	160.38542175	
2.200000	160.45036316	
2.220000	160.38938904	
2.240000	160.17636108	
2.260000	159.71966553	
2.280000	159.02177429	
2.300000	157.96473694	
2.320000	156.60343933	
2.340000	154.80052185	
2.360000	152.64335632	
2.380000	150.03390503	
2.400000	147.17396545	
2.420000	144.05513000	
2.440000	140.98474121	
2.460000	138.18769836	
2.480000	136.11441040	
2.500000	135.05101013	
2.520000	135.18525696	
2.540000	136.47169495	
2.560000	138.51092529	
2.580000	140.74208069	
2.600000	142.69018555	
2.620000	144.23403931	
2.640000	145.39723206	
2.660000	146.23490906	
2.680000	146.88435364	
2.700000	147.49642944	
2.720000	148.16320801	
2.740000	148.80636597	
2.760000	149.48252869	
2.780000	150.28265381	
2.800000	151.19660950	
2.820000	152.10731506	
2.840000	152.93261719	
2.860000	153.76159668	
2.880000	154.56338501	
2.900000	155.33874512	
2.920000	156.00775146	
2.940000	156.57621765	
2.960000	156.92959595	
2.980000	157.02117920	
3.000000	156.78863525	
3.020000	156.17820740	
3.040000	155.12591553	
3.060000	153.49263000	
3.080000	151.25740051	
3.100000	148.36642456	
3.120000	144.99713135	
3.140000	141.32934570	
3.160000	137.79612732	
3.180000	134.73887634	
3.200000	132.54302979	
3.220000	131.36880493	
3.240000	131.32031250	
3.260000	132.26396179	
3.280000	133.97921753	
3.300000	136.17523193	
3.320000	138.55699158	
3.340000	140.79335022	
3.360000	142.67340088	
3.380000	144.19975281	
3.400000	145.52432251	
3.420000	146.83558655	
3.440000	148.24551392	
3.460000	149.85952759	
3.480000	151.57801819	
3.500000	153.26397705	
3.520000	154.71597290	
3.540000	155.97972107	
3.560000	157.04145813	
3.580000	157.97077942	
3.600000	158.65994263	
3.620000	159.12150574	
3.640000	159.32986450	
3.660000	159.34550476	
3.680000	159.21023560	
3.700000	158.97451782	
3.720000	158.70494080	
3.740000	158.37049866	
3.760000	157.92610168	
3.780000	157.20262146	
3.800000	156.15750122	
3.820000	154.64335632	
3.840000	152.62405396	
3.860000	150.02577209	
3.880000	146.95339966	
3.900000	143.45930481	
3.920000	139.75741577	
3.940000	136.12290955	
3.960000	132.98294067	
3.980000	130.66452026	
4.000000	129.40463257	
4.020000	129.32733154	
4.040000	130.37243652	
4.060000	132.33677673	
4.080000	134.86015320	
4.100000	137.55517578	
4.120000	140.00753784	
4.140000	142.11004639	
4.160000	143.86074829	
4.180000	145.37849426	
4.200000	146.66082764	
4.220000	147.87580872	
4.240000	149.08645630	
4.260000	150.31207275	
4.280000	151.45494080	
4.300000	152.65310669	
4.320000	153.96426392	
4.340000	155.37019348	
4.360000	156.65762329	
4.380000	157.77239990	
4.400000	158.66307068	
4.420000	159.34016418	
4.440000	159.73129272	
4.460000	159.86228943	
4.480000	159.79052734	
4.500000	159.53518677	
4.520000	159.04325867	
4.540000	158.20985413	
4.560000	157.00225830	
4.580000	155.27841187	
4.600000	152.96090698	
4.620000	149.95053101	
4.640000	146.41125488	
4.660000	142.47862244	
4.680000	138.50587463	
4.700000	134.86665344	
4.720000	132.01556396	
4.740000	130.17745972	
4.760000	129.49359131	
4.780000	129.94847107	
4.800000	131.41893005	
4.820000	133.65612793	
4.840000	136.32835388	
4.860000	139.04487610	
4.880000	141.47099304	
4.900000	143.48786926	
4.920000	145.17565918	
4.940000	146.62402344	
4.960000	147.90933228	
4.980000	149.14881897	
5.000000	150.40148926	
5.020000	151.62936401	
5.040000	152.75370789	
5.060000	153.84498596	
5.080000	154.90391541	
5.100000	155.86273193	
5.120000	156.58105469	
5.140000	157.09458923	
5.160000	157.48985291	
5.180000	157.82539368	
5.200000	158.10324097	
5.220000	158.31001282	
5.240000	158.44815063	
5.260000	158.46266174	
5.280000	158.30549622	
5.300000	157.89105225	
5.320000	157.21577454	
5.340000	156.20628357	
5.360000	154.86029053	
5.380000	153.08482361	
5.400000	150.91285706	
5.420000	148.28628540	
5.440000	145.34129333	
5.460000	142.20463562	
5.480000	139.20770264	
5.500000	136.65940857	
5.520000	134.89546204	
5.540000	134.08468628	
5.560000	134.24798584	
5.580000	135.27252197	
5.600000	136.90373230	
5.620000	138.75317383	
5.640000	140.45544434	
5.660000	141.91488647	
5.680000	143.19866943	
5.700000	144.46841431	
5.720000	145.77742004	
5.740000	147.23667908	
5.760000	148.79658508	
5.780000	150.34722900	
5.800000	151.68885803	
5.820000	152.85881042	
5.840000	153.90248108	
5.860000	154.86888123	
5.880000	155.67613220	
5.900000	156.35188293	
5.920000	156.91226196	
5.940000	157.42167664	
5.960000	157.81269836	
5.980000	158.10995483	
6.000000	158.27415466	
6.020000	158.32020569	
6.040000	158.17689514	
6.060000	157.80004883	
6.080000	157.13304138	
6.100000	156.09721375	
6.120000	154.64237976	
6.140000	152.64927673	
6.160000	150.14179993	
6.180000	147.13192749	
6.200000	143.84927368	
6.220000	140.48910522	
6.240000	137.45616150	
6.260000	135.07162476	
6.280000	133.63230896	
6.300000	133.20672607	
6.320000	133.77221680	
6.340000	135.12130737	
6.360000	137.01573181	
6.380000	139.16934204	
6.400000	141.26477051	
6.420000	143.02772522	
6.440000	144.35668945	
6.460000	145.42616272	
6.480000	146.41036987	
6.500000	147.47113037	
6.520000	148.65116882	
6.540000	150.01416016	
6.560000	151.36732483	
6.580000	152.62680054	
6.600000	153.71012878	
6.620000	154.79522705	
6.640000	155.83859253	
6.660000	156.83003235	
6.680000	157.67457581	
6.700000	158.42127991	
6.720000	159.01460266	
6.740000	159.44326782	
6.760000	159.69081116	
6.780000	159.78623962	
6.800000	159.74699402	
6.820000	159.58355713	
6.840000	159.31829834	
6.860000	158.90560913	
6.880000	158.34143066	
6.900000	157.49278259	
6.920000	156.29460144	
6.940000	154.57748413	
6.960000	152.34667969	
6.980000	149.49630737	
7.000000	146.18879700	
7.020000	142.56610107	
7.040000	139.04087830	
7.060000	135.92552185	
7.080000	133.66459656	
7.100000	132.47145081	
7.120000	132.48919678	
7.140000	133.56044006	
7.160000	135.49357605	
7.180000	137.94177246	
7.200000	140.48272705	
7.220000	142.72038269	
7.240000	144.47520447	
7.260000	145.86656189	
7.280000	147.00910950	
7.300000	148.06048584	
7.320000	149.10763550	
7.340000	150.26472473	
7.360000	151.38528442	
7.380000	152.38357544	
7.400000	153.25912476	
7.420000	154.15032959	
7.440000	155.03166199	
7.460000	155.88232422	
7.480000	156.61921692	
7.500000	157.27427673	
7.520000	157.76747131	
7.540000	158.17382813	
7.560000	158.44407654	
7.580000	158.67933655	
7.600000	158.81010437	
7.620000	158.90899658	
7.640000	158.89413452	
7.660000	158.80679321	
7.680000	158.61105347	
7.700000	158.28933716	
7.720000	157.76258850	
7.740000	156.92008972	
7.760000	155.69601440	
7.780000	153.94506836	
7.800000	151.69955444	
7.820000	148.96148682	
7.840000	145.96157837	
7.860000	142.86935425	
7.880000	140.11888123	
7.900000	138.05020142	
7.920000	136.97248840	
7.940000	136.94407654	
7.960000	137.92404175	
7.980000	139.70126343	
8.000000	141.88583374	
8.020000	144.07550049	
8.040000	145.95135498	
8.059999	147.48417664	
8.080000	148.69075012	
8.099999	149.72137451	
8.120000	150.66320801	
8.139999	151.65896606	
8.160000	152.73532104	
8.179999	153.83250427	
8.200000	154.85353088	
8.220000	155.81738281	
8.240000	156.72926331	
8.260000	157.56259155	
8.280000	158.24490356	
8.300000	158.79870605	
8.320000	159.27705383	
8.340000	159.69534302	
8.360000	160.02697754	
8.380000	160.26434326	
8.400000	160.39819336	
8.420000	160.38725281	
8.440000	160.24223328	
8.460000	159.92124939	
8.480000	159.38981628	
8.500000	158.51148987	
8.520000	157.17991638	
8.540000	155.23251343	
8.559999	152.60247803	
8.580000	149.30595398	
8.599999	145.57359314	
8.620000	141.67839050	
8.639999	138.06643677	
8.660000	135.10426331	
8.679999	133.08935547	
8.700000	132.09019470	
8.720000	132.10054016	
8.740000	132.95361328	
8.760000	134.43711853	
8.780000	136.36830139	
8.800000	138.61842346	
8.820000	141.00015259	
8.840000	143.20178223	
8.860000	145.07106018	
8.880000	146.57298279	
8.900000	147.81414795	
8.920000	148.80960083	
8.940000	149.68614197	
8.960000	150.53913879	
8.980000	151.43588257	
9.000000	152.28279114	
9.020000	153.06399536	
9.040000	153.85069275	
9.059999	154.75711060	
9.080000	155.68066406	
9.099999	156.62521362	
9.120000	157.54833984	
9.139999	158.50395203	
9.160000	159.31330872	
9.179999	159.96775818	
9.200000	160.39581299	
9.220000	160.68945313	
9.240000	160.79536438	
9.260000	160.81645203	
9.280000	160.75001526	
9.300000	160.61265564	
9.320000	160.35408020	
9.340000	159.89929199	
9.360000	159.16998291	
9.380000	158.04174805	
9.400000	156.45518494	
9.420000	154.27038574	
9.440000	151.53746033	
9.460000	148.23689270	
9.480000	144.62121582	
9.500000	140.83493042	
9.520000	137.29577637	
9.540000	134.28317261	
9.559999	132.14932251	
9.580000	130.98724365	
9.599999	130.86734009	
9.620000	131.66490173	
9.639999	133.22406006	
9.660000	135.30355835	
9.679999	137.67959595	
9.700000	140.11372375	
9.719999	142.31349182	
9.740000	144.11494446	
9.760000	145.48239136	
9.780000	146.56106567	
9.800000	147.46017456	
9.820000	148.30599976	
9.840000	149.13626099	
9.860000	149.97801208	
9.880000	150.75939941	
9.900000	151.46220398	
9.920000	152.14979553	
9.940000	152.90234375	
9.960000	153.69923401	
9.980000	154.49015808	
10.000000	155.22926331	
10.020000	155.97921753	
10.040000	156.67660522	
10.059999	157.33502197	
10.080000	157.89384460	
10.099999	158.46238708	
10.120000	158.99594116	
10.139999	159.56513977	
10.160000	160.09764099	
10.179999	160.61228943	
10.200000	161.03507996	
10.219999	161.33201599	
10.240000	161.44056702	
10.260000	161.30386353	
10.280000	160.91508484	
10.300000	160.18811035	
10.320000	159.08020020	
10.340000	157.48088074	
10.360000	155.44198608	
10.380000	152.93614197	
10.400000	150.11705017	
10.420000	147.07482910	
10.440000	144.06170654	
10.460000	141.23779297	
10.480000	138.90370178	
10.500000	137.18006897	
10.520000	136.18722534	
10.540000	135.85905457	
10.559999	136.15542603	
10.580000	136.91047668	
10.599999	137.97476196	
10.620000	139.22273254	
10.639999	140.60563660	
10.660000	142.04644775	
10.679999	143.40307617	
10.700000	144.58180237	
10.719999	145.56327820	
10.740000	146.44738770	
10.760000	147.27526855	
10.780000	148.09973145	
10.800000	148.86497498	
10.820000	149.55615234	
10.840000	150.11087036	
10.860000	150.59043884	
10.880000	151.03160095	
10.900000	151.57974243	
10.920000	152.29350281	
10.940000	153.18583679	
10.960000	154.18205261	
10.980000	155.29817200	
11.000000	156.52517700	
11.020000	157.83253479	
11.040000	159.09959412	
11.059999	160.26963806	
11.080000	161.30584717	
11.099999	162.20515442	
11.120000	162.95059204	
11.139999	163.52024841	
11.160000	163.91964722	
11.179999	164.11434937	
11.200000	164.10578918	
11.219999	163.83493042	
11.240000	163.36021423	
11.259999	162.63478088	
11.280000	161.68278503	
11.300000	160.42787170	
11.320000	158.94970703	
11.340000	157.20811462	
11.360000	155.28073120	
11.380000	153.12402344	
11.400000	150.79412842	
11.420000	148.18377686	
11.440000	145.33848572	
11.460000	142.24397278	
11.480000	139.02043152	
11.500000	135.71199036	
11.520000	132.53910828	
11.540000	129.67938232	
11.559999	127.34123230	
11.580000	125.61926270	
11.599999	124.62076569	
11.620000	124.37351227	
11.639999	124.82099152	
11.660000	125.87774658	
11.679999	127.42800903	
11.700000	129.39709473	
11.719999	131.61956787	
11.740000	134.01641846	
11.759999	136.43031311	
11.780000	138.69755554	
11.800000	140.59118652	
11.820000	142.10969543	
11.840000	143.31205750	
11.860000	144.36515808	
11.880000	145.35546875	
11.900000	146.44564819	
11.920000	147.62429810	
11.940000	148.87393188	
11.960000	150.05047607	
11.980000	151.19645691	
12.000000	152.27587891	
12.020000	153.34022522	
12.040000	154.31550598	
12.059999	155.22265625	
12.080000	156.08316040	
12.099999	156.97177124	
12.120000	157.87677002	
12.139999	158.78657532	
12.160000	159.66362000	
12.179999	160.48315430	
12.200000	161.19569397	
12.219999	161.77116394	
12.240000	162.20899963	
12.259999	162.55595398	
12.280000	162.81225586	
12.300000	162.99781799	
12.320000	163.13195801	
12.340000	163.25128174	
12.360000	163.34680176	
12.380000	163.41870117	
12.400000	163.46116638	
12.420000	163.48120117	
12.440000	163.44369507	
12.460000	163.32691956	
12.480000	163.12515259	
12.500000	162.76026917	
12.520000	162.19021606	
12.540000	161.31352234	
12.559999	160.14407349	
12.580000	158.54057312	
12.599999	156.59255981	
12.620000	154.26376343	
12.639999	151.71777344	
12.660000	148.85264587	
12.679999	145.78964233	
12.700000	142.50502014	
12.719999	139.15980530	
12.740000	135.80149841	
12.759999	132.74220276	
12.780000	130.19160461	
12.799999	128.36550903	
12.820000	127.31861115	
12.840000	127.10006714	
12.860000	127.65914917	
12.880000	128.88145447	
12.900000	130.60830688	
12.920000	132.67315674	
12.940000	134.95866394	
12.960000	137.24145508	
12.980000	139.32286072	
13.000000	141.01347351	
13.020000	142.36911011	
13.040000	143.47534180	
13.059999	144.48486328	
13.080000	145.48278809	
13.099999	146.59338379	
13.120000	147.80267334	
13.139999	149.06233215	
13.160000	150.27696228	
13.179999	151.46260071	
13.200000	152.58770752	
13.219999	153.64935303	
13.240000	154.57438660	
13.259999	155.40170288	
13.280000	156.14178467	
13.299999	156.85897827	
13.320000	157.53132629	
13.340000	158.21299744	
13.360000	158.84780884	
13.380000	159.45799255	
13.400000	159.99676514	
13.420000	160.50021362	
13.440000	160.92201233	
13.460000	161.30401611	
13.480000	161.63320923	
13.500000	161.92184448	
13.520000	162.11277771	
13.540000	162.21775818	
13.559999	162.22428894	
13.580000	162.09368896	
13.599999	161.75956726	
13.620000	161.16159058	
13.639999	160.25894165	
13.660000	158.98956299	
13.679999	157.31575012	
13.700000	155.20211792	
13.719999	152.67300415	
13.740000	149.71685791	
13.759999	146.41413879	
13.780000	142.89680481	
13.799999	139.45588684	
13.820000	136.33117676	
13.840000	133.78982544	
13.860000	131.96588135	
13.880000	130.96067810	
13.900000	130.72485352	
13.920000	131.20759583	
13.940000	132.30920410	
13.960000	133.89765930	
13.980000	135.84489441	
14.000000	137.96739197	
14.020000	140.08250427	
14.040000	141.92750549	
14.059999	143.43360901	
14.080000	144.64912415	
14.099999	145.78514099	
14.120000	146.97663879	
14.139999	148.40013123	
14.160000	150.12033081	
14.179999	152.08607483	
14.200000	154.10748291	
14.219999	156.05146790	
14.240000	157.82109070	
14.259999	159.36425781	
14.280000	160.60086060	
14.299999	161.58396912	
14.320000	162.33715820	
14.340000	162.93916321	
14.360000	163.40040588	
14.380000	163.80439758	
14.400000	164.11560059	
14.420000	164.40618896	
14.440000	164.64299011	
14.460000	164.86096191	
14.480000	164.97969055	
14.500000	165.02861023	
14.520000	164.96804810	
14.540000	164.76860046	
14.559999	164.39823914	
14.580000	163.81733704	
14.599999	162.99763489	
14.620000	161.81018066	
14.639999	160.31515503	
14.660000	158.43536377	
14.679999	156.29119873	
14.700000	153.79226685	
14.719999	151.10626221	
14.740000	148.12701416	
14.759999	144.98570251	
14.780000	141.64796448	
14.799999	138.39190674	
14.820000	135.42485046	
14.839999	133.11038208	
14.860000	131.64874268	
14.880000	131.17625427	
14.900000	131.66703796	
14.920000	132.95596313	
14.940000	134.85653687	
14.960000	137.11631775	
14.980000	139.48081970	
15.000000	141.65087891	
15.020000	143.50502014	
15.040000	145.03713989	
15.059999	146.37745667	
15.080000	147.64050293	
15.099999	148.96408081	
15.120000	150.35136414	
15.139999	151.73913574	
15.160000	153.00036621	
15.179999	154.12950134	
15.200000	155.15615845	
15.219999	156.13435364	
15.240000	157.05522156	
15.259999	157.90115356	
15.280000	158.68217468	
15.299999	159.39633179	
15.320000	160.03628540	
15.339999	160.59442139	
15.360000	161.06030273	
15.380000	161.42808533	
15.400000	161.67063904	
15.420000	161.78782654	
15.440000	161.76635742	
15.460000	161.58847046	
15.480000	161.25155640	
15.500000	160.67970276	
15.520000	159.82882690	
15.540000	158.59187317	
15.559999	156.95571899	
15.580000	154.86824036	
15.599999	152.37681580	
15.620000	149.48397827	
15.639999	146.32527161	
15.660000	143.02037048	
15.679999	139.85595703	
15.700000	137.12884521	
15.719999	135.19590759	
15.740000	134.24563599	
15.759999	134.33285522	
15.780000	135.33409119	
15.799999	137.00267029	
15.820000	139.03054810	
15.839999	141.05094910	
15.860000	142.87376404	
15.880000	144.39588928	
15.900000	145.75408936	
15.920000	147.00401306	
15.940000	148.27503967	
15.960000	149.54856873	
15.980000	150.85156250	
16.000000	152.05062866	
16.020000	153.10223389	
16.039999	154.00965881	
16.059999	154.89906311	
16.080000	155.75012207	
16.100000	156.57717896	
16.119999	157.33183289	
16.139999	158.06651306	
16.160000	158.72299194	
16.180000	159.32087708	
16.199999	159.80390930	
16.219999	160.21170044	
16.240000	160.48542786	
16.260000	160.67158508	
16.279999	160.72457886	
16.299999	160.68125916	
16.320000	160.52734375	
16.340000	160.26077271	
16.359999	159.86297607	
16.379999	159.33023071	
16.400000	158.68629456	
16.420000	157.85360718	
16.440001	156.86431885	
16.459999	155.63223267	
16.480000	154.17875671	
16.500000	152.33609009	
16.520000	150.10778809	
16.539999	147.37322998	
16.559999	144.21748352	
16.580000	140.67918396	
16.600000	137.09858704	
16.619999	133.80557251	
16.639999	131.26293945	
16.660000	129.73063660	
16.680000	129.39935303	
16.699999	130.23713684	
16.719999	132.06739807	
16.740000	134.58354187	
16.760000	137.40457153	
16.779999	140.16952515	
16.799999	142.51321411	
16.820000	144.38510132	
16.840000	145.83364868	
16.859999	147.02265930	
16.879999	147.96804810	
16.900000	148.85029602	
16.920000	149.78437805	
16.940001	150.74014282	
16.959999	151.59941101	
16.980000	152.43218994	
17.000000	153.28315735	
17.020000	154.05859375	
17.039999	154.64021301	
17.059999	155.12644958	
17.080000	155.59175110	
17.100000	156.04028320	
17.119999	156.41253662	
17.139999	156.77926636	
17.160000	157.12072754	
17.180000	157.42572021	
17.199999	157.66009521	
17.219999	157.78546143	
17.240000	157.69114685	
17.260000	157.23524475	
17.279999	156.26322937	
17.299999	154.63990784	
17.320000	152.25614929	
17.340000	149.09996033	
17.359999	145.33499146	
17.379999	141.24107361	
17.400000	137.22723389	
17.420000	133.74003601	
17.440001	131.17007446	
17.459999	129.73422241	
17.480000	129.46725464	
17.500000	130.29646301	
17.520000	132.00485229	
17.539999	134.35804749	
17.559999	137.03280640	
17.580000	139.79866028	
17.600000	142.28341675	
17.619999	144.27415466	
17.639999	145.66874695	
17.660000	146.72578430	
17.680000	147.61909485	
17.699999	148.52090454	
17.719999	149.49822998	
17.740000	150.61973572	
17.760000	151.76359558	
17.779999	152.81907654	
17.799999	153.79492188	
17.820000	154.79406738	
17.840000	155.79034424	
17.859999	156.73625183	
17.879999	157.63957214	
17.900000	158.55145264	
17.920000	159.40203857	
17.940001	160.16796875	
17.959999	160.78027344	
17.980000	161.20829773	
18.000000	161.38061523	
18.020000	161.27098083	
18.039999	160.87747192	
18.059999	160.16632080	
18.080000	159.14517212	
18.100000	157.69966125	
18.119999	155.78108215	
18.139999	153.27159119	
18.160000	150.24096680	
18.180000	146.69644165	
18.199999	142.92257690	
18.219999	139.24371338	
18.240000	136.09803772	
18.260000	133.77371216	
18.279999	132.50590515	
18.299999	132.36856079	
18.320000	133.28620911	
18.340000	135.06288147	
18.359999	137.40264893	
18.379999	139.96261597	
18.400000	142.33554077	
18.420000	144.31704712	
18.440001	145.86015320	
18.459999	147.11253357	
18.480000	148.15275574	
18.500000	149.12420654	
18.520000	150.08631897	
18.539999	151.10969543	
18.559999	152.05415344	
18.580000	152.92968750	
18.600000	153.77191162	
18.619999	154.68205261	
18.639999	155.51220703	
18.660000	156.23954773	
18.680000	156.84495544	
18.699999	157.39840698	
18.719999	157.80158997	
18.740000	158.08000183	
18.760000	158.24514771	
18.779999	158.31097412	
18.799999	158.20916748	
18.820000	157.90794373	
18.840000	157.35690308	
18.859999	156.47216797	
18.879999	155.16331482	
18.900000	153.31219482	
18.920000	150.83084106	
18.939999	147.69514465	
18.959999	144.08317566	
18.980000	140.25578308	
19.000000	136.66207886	
19.020000	133.77104187	
19.039999	132.01348877	
19.059999	131.57394409	
19.080000	132.40327454	
19.100000	134.31211853	
19.119999	136.94215393	
19.139999	139.80651855	
19.160000	142.37716675	
19.180000	144.46043396	
19.199999	146.03204346	
19.219999	147.23522949	
19.240000	148.13079834	
19.260000	148.93891907	
19.279999	149.79544067	
19.299999	150.72988892	
19.320000	151.57962036	
19.340000	152.39607239	
19.359999	153.24732971	
19.379999	154.21029663	
19.400000	155.14799500	
19.420000	156.06364441	
19.439999	156.89262390	
19.459999	157.63481140	
19.480000	158.15328979	
19.500000	158.44970703	
19.520000	158.51319885	
19.539999	158.41183472	
19.559999	158.12471008	
19.580000	157.61199951	
19.600000	156.78846741	
19.619999	155.57945251	
19.639999	153.87638855	
19.660000	151.57618713	
19.680000	148.69987488	
19.699999	145.33779907	
19.719999	141.74736023	
19.740000	138.21525574	
19.760000	135.22262573	
19.779999	133.11854553	
19.799999	132.20074463	
19.820000	132.55735779	
19.840000	134.09469604	
19.859999	136.51657104	
19.879999	139.33062744	
19.900000	142.04725647	
19.920000	144.31829834	
19.939999	146.13957214	
19.959999	147.58485413	
19.980000	148.83972168	
20.000000	150.03344727	
20.020000	151.32617188	
20.039999	152.67143250	
20.059999	153.93203735	
20.080000	155.03788757	
20.100000	156.07890320	
20.119999	157.03651428	
20.139999	157.90089417	
20.160000	158.59082031	
20.180000	159.18968201	
20.199999	159.67594910	
20.219999	160.04774475	
20.240000	160.25437927	
20.260000	160.33427429	
20.279999	160.26397705	
20.299999	160.02166748	
20.320000	159.60433960	
20.340000	158.97816467	
20.359999	158.09097290	
20.379999	156.77484131	
20.400000	154.96284485	
20.420000	152.49929810	
20.439999	149.41778564	
20.459999	145.77691650	
20.480000	141.89761353	
20.500000	138.03337097	
20.520000	134.60871887	
20.539999	131.91578674	
20.559999	130.21890259	
20.580000	129.58761597	
20.600000	129.99015808	
20.619999	131.28939819	
20.639999	133.26588440	
20.660000	135.71134949	
20.680000	138.30952454	
20.699999	140.74099731	
20.719999	142.68746948	
20.740000	144.12188721	
20.760000	145.19409180	
20.779999	146.15129089	
20.799999	147.18794250	
20.820000	148.44514465	
20.840000	149.90011597	
20.859999	151.37611389	
20.879999	152.68237305	
20.900000	153.80599976	
20.920000	154.81053162	
20.939999	155.70541382	
20.959999	156.47023010	
20.980000	157.14674377	
21.000000	157.76112366	
21.020000	158.31729126	
21.039999	158.79547119	
21.059999	159.24111938	
21.080000	159.66113281	
21.100000	160.08082581	
21.119999	160.45028687	
21.139999	160.80177307	
21.160000	161.06687927	
21.180000	161.26309204	
21.199999	161.33605957	
21.219999	161.28392029	
21.240000	161.08590698	
21.260000	160.69871521	
21.279999	160.09548950	
21.299999	159.19740295	
21.320000	157.98089600	
21.340000	156.32101440	
21.359999	154.21032715	
21.379999	151.58529663	
21.400000	148.53283691	
21.420000	145.13656616	
21.439999	141.70632935	
21.459999	138.52633667	
21.480000	135.96026611	
21.500000	134.26083374	
21.520000	133.58232117	
21.539999	133.89401245	
21.559999	135.03587341	
21.580000	136.78881836	
21.600000	138.86352539	
21.619999	140.98205566	
21.639999	142.87391663	
21.660000	144.42976379	
21.680000	145.67994690	
21.699999	146.85989380	
21.719999	148.17283630	
21.740000	149.74958801	
21.760000	151.19267273	
21.779999	152.42819214	
21.799999	153.44250488	
21.820000	154.46537781	
21.840000	155.20996094	
21.859999	155.86404419	
21.879999	156.46907043	
21.900000	157.39802551	
21.920000	158.14996338	
21.939999	158.82539368	
21.959999	159.22070313	
21.980000	159.68211365	
22.000000	159.97138977	
22.020000	160.18518066	
22.039999		
22.059999		
