Time	Left_Forefoot_y_baseline X
0.000000	0.00613745	
0.020000	0.01697516	
0.040000	0.02271639	
0.060000	0.02144505	
0.080000	0.01510033	
0.100000	0.00327797	
0.120000	-0.00613827	
0.140000	-0.01159568	
0.160000	-0.01142862	
0.180000	-0.01190259	
0.200000	-0.01202345	
0.220000	-0.01068859	
0.240000	-0.00756821	
0.260000	-0.00012994	
0.280000	0.00904807	
0.300000	0.01983093	
0.320000	0.02613501	
0.340000	0.02763715	
0.360000	0.02239938	
0.380000	0.01031034	
0.400000	-0.00189154	
0.420000	-0.01090288	
0.440000	-0.01312794	
0.460000	-0.01352827	
0.480000	-0.01330593	
0.500000	-0.01122649	
0.520000	-0.00653860	
0.540000	0.00201900	
0.560000	0.01203460	
0.580000	0.02059117	
0.600000	0.02493876	
0.620000	0.02035274	
0.640000	0.00802960	
0.660000	-0.00397673	
0.680000	-0.01076511	
0.700000	-0.01139541	
0.720000	-0.01214597	
0.740000	-0.01205109	
0.760000	-0.01149215	
0.780000	-0.00748736	
0.800000	-0.00098608	
0.820000	0.00881748	
0.840000	0.01570588	
0.860000	0.01776057	
0.880000	0.01272678	
0.900000	0.00202334	
0.920000	-0.00618033	
0.940000	-0.01110975	
0.960000	-0.01081213	
0.980000	-0.01163487	
1.000000	-0.01205975	
1.020000	-0.01024783	
1.040000	-0.00540173	
1.060000	0.00394540	
1.080000	0.01351260	
1.100000	0.02153787	
1.120000	0.02475065	
1.140000	0.02000418	
1.160000	0.00878985	
1.180000	-0.00286339	
1.200000	-0.00980830	
1.220000	-0.01195911	
1.240000	-0.01335914	
1.260000	-0.01376216	
1.280000	-0.01324281	
1.300000	-0.01086968	
1.320000	-0.00683375	
1.340000	0.00016852	
1.360000	0.00628719	
1.380000	0.01142760	
1.400000	0.01134366	
1.420000	0.00543165	
1.440000	-0.00296363	
1.460000	-0.01000218	
1.480000	-0.01219381	
1.500000	-0.01327211	
1.520000	-0.01376256	
1.540000	-0.01248091	
1.560000	-0.01070963	
1.580000	-0.00459982	
1.600000	0.00246039	
1.620000	0.01171388	
1.640000	0.01662701	
1.660000	0.01635146	
1.680000	0.00948574	
1.700000	-0.00036691	
1.720000	-0.00774413	
1.740000	-0.01090185	
1.760000	-0.01116420	
1.780000	-0.01174852	
1.800000	-0.01225033	
1.820000	-0.00991432	
1.840000	-0.00585383	
1.860000	0.00227311	
1.880000	0.00958969	
1.900000	0.01627514	
1.920000	0.01695742	
1.940000	0.01112214	
1.960000	0.00098899	
1.980000	-0.00712043	
2.000000	-0.01048461	
2.020000	-0.01088165	
2.040000	-0.01142594	
2.060000	-0.01132838	
2.080000	-0.01068735	
2.100000	-0.00622179	
2.120000	-0.00018170	
2.140000	0.00929682	
2.160000	0.01477239	
2.180000	0.01467627	
2.200000	0.00742880	
2.220000	-0.00270478	
2.240000	-0.00986771	
2.260000	-0.01292972	
2.280000	-0.01283732	
2.300000	-0.01233654	
2.320000	-0.01220660	
2.340000	-0.01016946	
2.360000	-0.00596851	
2.380000	0.00176346	
2.400000	0.00909798	
2.420000	0.01456285	
2.440000	0.01550829	
2.460000	0.00981286	
2.480000	0.00026216	
2.500000	-0.00824821	
2.520000	-0.01189558	
2.540000	-0.01235758	
2.560000	-0.01287115	
2.580000	-0.01279978	
2.600000	-0.01245308	
2.620000	-0.00943664	
2.640000	-0.00323629	
2.660000	0.00672032	
2.680000	0.01397666	
2.700000	0.01565680	
2.720000	0.01012842	
2.740000	-0.00021821	
2.760000	-0.00795823	
2.780000	-0.01267314	
2.800000	-0.01232417	
2.820000	-0.01282164	
2.840000	-0.01289301	
2.860000	-0.01083936	
2.880000	-0.00719200	
2.900000	0.00027432	
2.920000	0.00817481	
2.940000	0.01532659	
2.960000	0.01865941	
2.980000	0.01406103	
3.000000	0.00428696	
3.020000	-0.00517507	
3.040000	-0.01000260	
3.060000	-0.01079977	
3.080000	-0.01190919	
3.100000	-0.01219918	
3.120000	-0.01190259	
3.140000	-0.00914954	
3.160000	-0.00343883	
3.180000	0.00622654	
3.200000	0.01486768	
3.220000	0.02065264	
3.240000	0.02070296	
3.260000	0.01402143	
3.280000	0.00285928	
3.300000	-0.00613104	
3.320000	-0.01048605	
3.340000	-0.01114213	
3.360000	-0.01218989	
3.380000	-0.01099549	
3.400000	-0.00925122	
3.420000	-0.00467345	
3.440000	0.00149100	
3.460000	0.01172440	
3.480000	0.02074504	
3.500000	0.02625816	
3.520000	0.02716896	
3.540000	0.02279311	
3.560000	0.01401380	
3.580000	0.00093412	
3.600000	-0.00847962	
3.620000	-0.01255868	
3.640000	-0.01204531	
3.660000	-0.01167695	
3.680000	-0.01196364	
3.700000	-0.00940962	
3.720000	-0.00370985	
3.740000	0.00624821	
3.760000	0.01539919	
3.780000	0.02364989	
3.800000	0.02733438	
3.820000	0.02482593	
3.840000	0.01531607	
3.860000	0.00175768	
3.880000	-0.00714518	
3.900000	-0.01141500	
3.920000	-0.01128651	
3.940000	-0.01174708	
3.960000	-0.01193972	
3.980000	-0.00949213	
4.000000	-0.00465283	
4.020000	0.00349742	
4.040000	0.01191683	
4.060000	0.01881410	
4.080000	0.02210423	
4.100000	0.01700652	
4.120000	0.00651035	
4.140000	-0.00409554	
4.160000	-0.00928071	
4.180000	-0.01006076	
4.200000	-0.01035756	
4.220000	-0.00891317	
4.240000	-0.00695419	
4.260000	-0.00265218	
4.280000	0.00346278	
4.300000	0.01337358	
4.320000	0.02135760	
4.340000	0.02533208	
4.360000	0.02195285	
4.380000	0.01340370	
4.400000	0.00161970	
4.420000	-0.00641382	
4.440000	-0.01023112	
4.460000	-0.01049058	
4.480000	-0.01106212	
4.500000	-0.00949810	
4.520000	-0.00771815	
4.540000	-0.00305851	
4.560000	0.00334768	
4.580000	0.01430956	
4.600000	0.02248663	
4.620000	0.02668612	
4.640000	0.02346592	
4.660000	0.01491883	
4.680000	0.00304243	
4.700000	-0.00558180	
4.720000	-0.00959711	
4.740000	-0.00977036	
4.760000	-0.01036766	
4.780000	-0.00865227	
4.800000	-0.00684693	
4.820000	-0.00248121	
4.840000	0.00289887	
4.860000	0.01292808	
4.880000	0.02109401	
4.900000	0.02620102	
4.920000	0.02641614	
4.940000	0.02173443	
4.960000	0.01199789	
4.980000	-0.00038795	
5.000000	-0.00853759	
5.020000	-0.01087381	
5.040000	-0.01049389	
5.060000	-0.00990050	
5.080000	-0.00981718	
5.100000	-0.00773466	
5.120000	-0.00491065	
5.140000	0.00272563	
5.160000	0.01203728	
5.180000	0.02309734	
5.200000	0.02939545	
5.220000	0.03056346	
5.240000	0.02585761	
5.260000	0.01509415	
5.280000	0.00253154	
5.300000	-0.00693686	
5.320000	-0.01044109	
5.340000	-0.01044109	
5.360000	-0.01023443	
5.380000	-0.00843199	
5.400000	-0.00674979	
5.420000	-0.00307211	
5.440000	0.00213450	
5.460000	0.01065271	
5.480000	0.01749802	
5.500000	0.02110268	
5.520000	0.01704921	
5.540000	0.00685953	
5.560000	-0.00375357	
5.580000	-0.01017502	
5.600000	-0.01091300	
5.620000	-0.01149689	
5.640000	-0.01192693	
5.660000	-0.00977036	
5.680000	-0.00714394	
5.700000	-0.00083263	
5.720000	0.00567564	
5.740000	0.01456676	
5.760000	0.01962240	
5.780000	0.01952980	
5.800000	0.01290911	
5.820000	0.00197218	
5.840000	-0.00666338	
5.860000	-0.01113059	
5.880000	-0.01101653	
5.900000	-0.01133788	
5.920000	-0.01178461	
5.940000	-0.01032621	
5.960000	-0.00830515	
5.980000	-0.00298446	
6.000000	0.00303501	
6.020000	0.01271544	
6.040000	0.01915731	
6.060000	0.02365752	
6.080000	0.02150673	
6.100000	0.01430936	
6.120000	0.00218607	
6.140000	-0.00657490	
6.160000	-0.01042871	
6.180000	-0.01102994	
6.200000	-0.01198468	
6.220000	-0.01257497	
6.240000	-0.01235428	
6.260000	-0.00934260	
6.280000	-0.00385731	
6.300000	0.00580353	
6.320000	0.01428728	
6.340000	0.02149662	
6.360000	0.02458380	
6.380000	0.02373342	
6.400000	0.01824072	
6.420000	0.00664276	
6.440000	-0.00338149	
6.460000	-0.00977036	
6.480000	-0.01004983	
6.500000	-0.00904517	
6.520000	-0.00845776	
6.540000	-0.00654210	
6.560000	-0.00521053	
6.580000	-0.00082871	
6.600000	0.00470132	
6.620000	0.01477446	
6.640000	0.02188705	
6.660000	0.02667230	
6.680000	0.02593268	
6.700000	0.01909523	
6.720000	0.00689335	
6.740000	-0.00537369	
6.760000	-0.01178627	
6.780000	-0.01281299	
6.800000	-0.01270449	
6.820000	-0.01227796	
6.840000	-0.01199272	
6.860000	-0.00961834	
6.880000	-0.00563438	
6.900000	0.00242594	
6.920000	0.01035592	
6.940000	0.01595792	
6.960000	0.01598185	
6.980000	0.00917017	
7.000000	-0.00008518	
7.020000	-0.00764142	
7.040000	-0.01044150	
7.060000	-0.01102066	
7.080000	-0.01179658	
7.100000	-0.01199375	
7.120000	-0.01141500	
7.140000	-0.00883974	
7.160000	-0.00529675	
7.180000	0.00268665	
7.200000	0.00970973	
7.220000	0.01518118	
7.240000	0.01621182	
7.260000	0.01119083	
7.280000	0.00217679	
7.300000	-0.00691418	
7.320000	-0.01127662	
7.340000	-0.01212060	
7.360000	-0.01289053	
7.380000	-0.01345155	
7.400000	-0.01353136	
7.420000	-0.01102190	
7.440000	-0.00789821	
7.460000	-0.00162917	
7.480000	0.00333180	
7.500000	0.00828947	
7.520000	0.00739145	
7.540000	0.00126186	
7.560000	-0.00537781	
7.580000	-0.01037736	
7.600000	-0.01137871	
7.620000	-0.01206945	
7.640000	-0.01174377	
7.660000	-0.01095961	
7.680000	-0.01054236	
7.700000	-0.00792709	
7.720000	-0.00360425	
7.740000	0.00437213	
7.760000	0.01085834	
7.780000	0.01486315	
7.800000	0.01476415	
7.820000	0.00931661	
7.840000	0.00071178	
7.860000	-0.00733288	
7.880000	-0.01068178	
7.900000	-0.01118895	
7.920000	-0.01178956	
7.940000	-0.01197478	
7.960000	-0.01157629	
7.980000	-0.01005147	
8.000000	-0.00894494	
8.020000	-0.00550547	
8.040000	-0.00049892	
8.059999	0.00773960	
8.080000	0.01371123	
8.099999	0.01619862	
8.120000	0.01390448	
8.139999	0.00664112	
8.160000	-0.00165640	
8.179999	-0.00859925	
8.200000	-0.01063868	
8.220000	-0.01125929	
8.240000	-0.01168314	
8.260000	-0.01075871	
8.280000	-0.00941107	
8.300000	-0.00678775	
8.320000	-0.00219966	
8.340000	0.00610775	
8.360000	0.01344144	
8.380000	0.01857464	
8.400000	0.01998933	
8.420000	0.01968737	
8.440000	0.01666124	
8.460000	0.00925019	
8.480000	-0.00023802	
8.500000	-0.00803104	
8.520000	-0.01152247	
8.540000	-0.01234418	
8.559999	-0.01333521	
8.580000	-0.01369472	
8.599999	-0.01312360	
8.620000	-0.00995660	
8.639999	-0.00432613	
8.660000	0.00470853	
8.679999	0.01433575	
8.700000	0.02310827	
8.720000	0.02841555	
8.740000	0.02949755	
8.760000	0.02810782	
8.780000	0.02227646	
8.800000	0.01191704	
8.820000	0.00038405	
8.840000	-0.00638741	
8.860000	-0.00807868	
8.880000	-0.00834474	
8.900000	-0.00842188	
8.920000	-0.00792770	
8.940000	-0.00608154	
8.960000	-0.00479349	
8.980000	0.00106303	
9.000000	0.00820842	
9.020000	0.01728454	
9.040000	0.02179280	
9.059999	0.02281126	
9.080000	0.01891640	
9.099999	0.00872508	
9.120000	-0.00208582	
9.139999	-0.01006283	
9.160000	-0.01174337	
9.179999	-0.01211895	
9.200000	-0.01234582	
9.220000	-0.01217650	
9.240000	-0.01168726	
9.260000	-0.00881088	
9.280000	-0.00362858	
9.300000	0.00472091	
9.320000	0.01212823	
9.340000	0.01755163	
9.360000	0.01971501	
9.380000	0.01868458	
9.400000	0.01493306	
9.420000	0.00643528	
9.440000	-0.00182800	
9.460000	-0.00794049	
9.480000	-0.00930670	
9.500000	-0.00942282	
9.520000	-0.00968744	
9.540000	-0.00931124	
9.559999	-0.00867063	
9.580000	-0.00677454	
9.599999	-0.00440678	
9.620000	0.00166054	
9.639999	0.00895856	
9.660000	0.01741365	
9.679999	0.02200276	
9.700000	0.02291150	
9.719999	0.01823907	
9.740000	0.00772579	
9.760000	-0.00304984	
9.780000	-0.01071458	
9.800000	-0.01237202	
9.820000	-0.01291817	
9.840000	-0.01334326	
9.860000	-0.01232685	
9.880000	-0.01072489	
9.900000	-0.00648579	
9.920000	-0.00124680	
9.940000	0.00783139	
9.960000	0.01480621	
9.980000	0.01907624	
10.000000	0.01916803	
10.020000	0.01352251	
10.040000	0.00382000	
10.059999	-0.00571957	
10.080000	-0.01028392	
10.099999	-0.01108108	
10.120000	-0.01191290	
10.139999	-0.01252897	
10.160000	-0.01259167	
10.179999	-0.01092084	
10.200000	-0.00915737	
10.219999	-0.00576866	
10.240000	-0.00148728	
10.260000	0.00548939	
10.280000	0.01076677	
10.300000	0.01342556	
10.320000	0.01030745	
10.340000	0.00205407	
10.360000	-0.00612280	
10.380000	-0.01175676	
10.400000	-0.01218082	
10.420000	-0.01286125	
10.440000	-0.01300356	
10.460000	-0.01166870	
10.480000	-0.01019111	
10.500000	-0.00641422	
10.520000	-0.00153801	
10.540000	0.00784439	
10.559999	0.01517747	
10.580000	0.01918268	
10.599999	0.01868190	
10.620000	0.01458058	
10.639999	0.00684035	
10.660000	-0.00349864	
10.679999	-0.01050770	
10.700000	-0.01306584	
10.719999	-0.01300892	
10.740000	-0.01316279	
10.760000	-0.01337729	
10.780000	-0.01310793	
10.800000	-0.01260735	
10.820000	-0.00991143	
10.840000	-0.00573978	
10.860000	0.00098610	
10.880000	0.00630039	
10.900000	0.01075047	
10.920000	0.01264676	
10.940000	0.00914213	
10.960000	0.00080316	
10.980000	-0.00683910	
11.000000	-0.01017667	
11.020000	-0.01038808	
11.040000	-0.01129621	
11.059999	-0.01094228	
11.080000	-0.00999229	
11.099999	-0.00760099	
11.120000	-0.00607906	
11.139999	-0.00042528	
11.160000	0.00662337	
11.179999	0.01425986	
11.200000	0.01776429	
11.219999	0.01747800	
11.240000	0.01411775	
11.259999	0.00635792	
11.280000	-0.00248760	
11.300000	-0.00905631	
11.320000	-0.01153155	
11.340000	-0.01233572	
11.360000	-0.01300934	
11.380000	-0.01270367	
11.400000	-0.01208410	
11.420000	-0.00940776	
11.440000	-0.00746281	
11.460000	-0.00207469	
11.480000	0.00361086	
11.500000	0.01192901	
11.520000	0.01685801	
11.540000	0.01909915	
11.559999	0.01713666	
11.580000	0.01082452	
11.599999	0.00126578	
11.620000	-0.00689562	
11.639999	-0.01059598	
11.660000	-0.01049842	
11.679999	-0.01016946	
11.700000	-0.00975221	
11.719999	-0.00955255	
11.740000	-0.00784479	
11.759999	-0.00633667	
11.780000	-0.00149718	
11.800000	0.00462438	
11.820000	0.01326758	
11.840000	0.01863982	
11.860000	0.02004914	
11.880000	0.01517953	
11.900000	0.00621995	
11.920000	-0.00328001	
11.940000	-0.00922976	
11.960000	-0.01123227	
11.980000	-0.01240461	
12.000000	-0.01337028	
12.020000	-0.01357529	
12.040000	-0.01289879	
12.059999	-0.00968044	
12.080000	-0.00709878	
12.099999	-0.00105292	
12.120000	0.00552694	
12.139999	0.01542786	
12.160000	0.02186456	
12.179999	0.02558330	
12.200000	0.02613688	
12.219999	0.02379797	
12.240000	0.01919897	
12.259999	0.00924319	
12.280000	0.00101106	
12.300000	-0.00617044	
12.320000	-0.00809601	
12.340000	-0.00886738	
12.360000	-0.00878736	
12.380000	-0.00786294	
12.400000	-0.00690159	
12.420000	-0.00513588	
12.440000	-0.00244015	
12.460000	0.00325693	
12.480000	0.01051782	
12.500000	0.01803736	
12.520000	0.02253366	
12.540000	0.02399412	
12.559999	0.02189365	
12.580000	0.01394305	
12.599999	0.00220215	
12.620000	-0.00760698	
12.639999	-0.01204222	
12.660000	-0.01254465	
12.679999	-0.01354022	
12.700000	-0.01391086	
12.719999	-0.01383723	
12.740000	-0.01137809	
12.759999	-0.00906745	
12.780000	-0.00297971	
12.799999	0.00331283	
12.820000	0.01331419	
12.840000	0.01961827	
12.860000	0.02414241	
12.880000	0.02495836	
12.900000	0.02289006	
12.920000	0.01641086	
12.940000	0.00485064	
12.960000	-0.00447525	
12.980000	-0.00987224	
13.000000	-0.01012985	
13.020000	-0.00992629	
13.040000	-0.01005642	
13.059999	-0.00951749	
13.080000	-0.00879025	
13.099999	-0.00669019	
13.120000	-0.00486712	
13.139999	0.00045975	
13.160000	0.00710270	
13.179999	0.01496585	
13.200000	0.01955475	
13.219999	0.01991776	
13.240000	0.01508404	
13.259999	0.00488631	
13.280000	-0.00505440	
13.299999	-0.01141006	
13.320000	-0.01263189	
13.340000	-0.01333521	
13.360000	-0.01408102	
13.380000	-0.01408102	
13.400000	-0.01331851	
13.420000	-0.01091547	
13.440000	-0.00655922	
13.460000	0.00147636	
13.480000	0.01102686	
13.500000	0.02101028	
13.520000	0.02749401	
13.540000	0.02949671	
13.559999	0.02813587	
13.580000	0.02278322	
13.599999	0.01461893	
13.620000	0.00329715	
13.639999	-0.00405800	
13.660000	-0.00796586	
13.679999	-0.00860338	
13.700000	-0.00925782	
13.719999	-0.00923946	
13.740000	-0.00760120	
13.759999	-0.00621931	
13.780000	-0.00364715	
13.799999	-0.00179872	
13.820000	0.00340502	
13.840000	0.00926918	
13.860000	0.01635186	
13.880000	0.02050208	
13.900000	0.02197842	
13.920000	0.02145784	
13.940000	0.01579994	
13.960000	0.00572041	
13.980000	-0.00532316	
14.000000	-0.01150204	
14.020000	-0.01240791	
14.040000	-0.01234974	
14.059999	-0.01224950	
14.080000	-0.01217814	
14.099999	-0.01036437	
14.120000	-0.00864793	
14.139999	-0.00514372	
14.160000	-0.00057791	
14.179999	0.00814180	
14.200000	0.01606497	
14.219999	0.02348839	
14.240000	0.02678347	
14.259999	0.02839245	
14.280000	0.02713327	
14.299999	0.02243321	
14.320000	0.01428770	
14.340000	0.00385651	
14.360000	-0.00313379	
14.380000	-0.00644557	
14.400000	-0.00690159	
14.420000	-0.00713260	
14.440000	-0.00683869	
14.460000	-0.00580990	
14.480000	-0.00496262	
14.500000	-0.00309026	
14.520000	-0.00123627	
14.540000	0.00369006	
14.559999	0.00924277	
14.580000	0.01574962	
14.599999	0.01943018	
14.620000	0.01994148	
14.639999	0.01524326	
14.660000	0.00569566	
14.679999	-0.00365601	
14.700000	-0.01006302	
14.719999	-0.01190919	
14.740000	-0.01310711	
14.759999	-0.01371802	
14.780000	-0.01368873	
14.799999	-0.01315165	
14.820000	-0.01015790	
14.839999	-0.00733699	
14.860000	-0.00193402	
14.880000	0.00354485	
14.900000	0.01133706	
14.920000	0.01665156	
14.940000	0.01983340	
14.960000	0.02023394	
14.980000	0.01607487	
15.000000	0.00674300	
15.020000	-0.00346957	
15.040000	-0.00921182	
15.059999	-0.01108006	
15.080000	-0.01204120	
15.099999	-0.01219237	
15.120000	-0.01148286	
15.139999	-0.00950594	
15.160000	-0.00825028	
15.179999	-0.00466850	
15.200000	-0.00016293	
15.219999	0.00720336	
15.240000	0.01226498	
15.259999	0.01507434	
15.280000	0.01231448	
15.299999	0.00521137	
15.320000	-0.00339635	
15.339999	-0.00930175	
15.360000	-0.01088536	
15.380000	-0.01146451	
15.400000	-0.01203707	
15.420000	-0.01130053	
15.440000	-0.01002838	
15.460000	-0.00659986	
15.480000	-0.00190143	
15.500000	0.00664194	
15.520000	0.01302895	
15.540000	0.01526244	
15.559999	0.01010780	
15.580000	0.00066786	
15.599999	-0.00683993	
15.620000	-0.01154970	
15.639999	-0.01197395	
15.660000	-0.01301511	
15.679999	-0.01331191	
15.700000	-0.01268429	
15.719999	-0.01176007	
15.740000	-0.00883316	
15.759999	-0.00375007	
15.780000	0.00462314	
15.799999	0.01101571	
15.820000	0.01536599	
15.839999	0.01642653	
15.860000	0.01548809	
15.880000	0.01013647	
15.900000	0.00062577	
15.920000	-0.00679372	
15.940000	-0.01095301	
15.960000	-0.01101653	
15.980000	-0.01156062	
16.000000	-0.01199086	
16.020000	-0.01055700	
16.039999	-0.00875725	
16.059999	-0.00541967	
16.080000	-0.00162917	
16.100000	0.00556530	
16.119999	0.01166932	
16.139999	0.01559080	
16.160000	0.01619141	
16.180000	0.01205440	
16.199999	0.00346050	
16.219999	-0.00593571	
16.240000	-0.01098973	
16.260000	-0.01209357	
16.279999	-0.01248752	
16.299999	-0.01230787	
16.320000	-0.01169160	
16.340000	-0.00966145	
16.359999	-0.00824471	
16.379999	-0.00412565	
16.400000	0.00217040	
16.420000	0.01161385	
16.440001	0.02022032	
16.459999	0.02699797	
16.480000	0.03061791	
16.500000	0.03130308	
16.520000	0.02899264	
16.539999	0.02315591	
16.559999	0.01446053	
16.580000	0.00244512	
16.600000	-0.00591303	
16.619999	-0.01035406	
16.639999	-0.01035406	
16.660000	-0.01071581	
16.680000	-0.01106706	
16.699999	-0.00914149	
16.719999	-0.00698492	
16.740000	-0.00326930	
16.760000	0.00172696	
16.779999	0.01014739	
16.799999	0.01895848	
16.820000	0.02636251	
16.840000	0.03034194	
16.859999	0.03128533	
16.879999	0.02880783	
16.900000	0.02052970	
16.920000	0.00759874	
16.940001	-0.00525056	
16.959999	-0.01213236	
16.980000	-0.01344164	
17.000000	-0.01344164	
17.020000	-0.01285754	
17.039999	-0.01216102	
17.059999	-0.01008180	
17.080000	-0.00858957	
17.100000	-0.00453959	
17.119999	0.00130393	
17.139999	0.01043904	
17.160000	0.01734312	
17.180000	0.02268669	
17.199999	0.02463330	
17.219999	0.02506910	
17.240000	0.02129243	
17.260000	0.01261397	
17.279999	0.00189278	
17.299999	-0.00725202	
17.320000	-0.01155278	
17.340000	-0.01254712	
17.359999	-0.01252155	
17.379999	-0.01236625	
17.400000	-0.01223631	
17.420000	-0.01012407	
17.440001	-0.00792564	
17.459999	-0.00300282	
17.480000	0.00252391	
17.500000	0.01117247	
17.520000	0.01709643	
17.539999	0.02156365	
17.559999	0.02269308	
17.580000	0.01863487	
17.600000	0.00777529	
17.619999	-0.00536956	
17.639999	-0.01318094	
17.660000	-0.01535895	
17.680000	-0.01525232	
17.699999	-0.01521046	
17.719999	-0.01506691	
17.740000	-0.01267810	
17.760000	-0.01036911	
17.779999	-0.00502883	
17.799999	0.00122967	
17.820000	0.01041511	
17.840000	0.01650615	
17.859999	0.01917340	
17.879999	0.01641972	
17.900000	0.00800197	
17.920000	-0.00203158	
17.940001	-0.00971982	
17.959999	-0.01174337	
17.980000	-0.01200201	
18.000000	-0.01211214	
18.020000	-0.01176007	
18.039999	-0.01129806	
18.059999	-0.00844829	
18.080000	-0.00336500	
18.100000	0.00503297	
18.119999	0.01125023	
18.139999	0.01384591	
18.160000	0.00991537	
18.180000	0.00184245	
18.199999	-0.00603266	
18.219999	-0.01211709	
18.240000	-0.01426665	
18.260000	-0.01577868	
18.279999	-0.01586881	
18.299999	-0.01575971	
18.320000	-0.01547673	
18.340000	-0.01244009	
18.359999	-0.00863494	
18.379999	-0.00079180	
18.400000	0.00592665	
18.420000	0.01207688	
18.440001	0.01374567	
18.459999	0.00915037	
18.480000	0.00011241	
18.500000	-0.00814798	
18.520000	-0.01185639	
18.539999	-0.01288311	
18.559999	-0.01432750	
18.580000	-0.01524511	
18.600000	-0.01479217	
18.619999	-0.01259725	
18.639999	-0.01074511	
18.660000	-0.00601904	
18.680000	-0.00105147	
18.699999	0.00721614	
18.719999	0.01267399	
18.740000	0.01538248	
18.760000	0.01152062	
18.779999	0.00305727	
18.799999	-0.00585961	
18.820000	-0.01250814	
18.840000	-0.01473917	
18.859999	-0.01569350	
18.879999	-0.01574589	
18.900000	-0.01555572	
18.920000	-0.01542331	
18.939999	-0.01245452	
18.959999	-0.00849819	
18.980000	-0.00071095	
19.000000	0.00464191	
19.020000	0.00925639	
19.039999	0.00825214	
19.059999	0.00220875	
19.080000	-0.00507276	
19.100000	-0.01185577	
19.119999	-0.01400162	
19.139999	-0.01556417	
19.160000	-0.01578714	
19.180000	-0.01592305	
19.199999	-0.01572588	
19.219999	-0.01197870	
19.240000	-0.00786108	
19.260000	-0.00002949	
19.279999	0.00477639	
19.299999	0.01008634	
19.320000	0.01162313	
19.340000	0.00877623	
19.359999	0.00156711	
19.379999	-0.00731802	
19.400000	-0.01247184	
19.420000	-0.01455437	
19.439999	-0.01496090	
19.459999	-0.01539753	
19.480000	-0.01550417	
19.500000	-0.01419280	
19.520000	-0.01282866	
19.539999	-0.00893958	
19.559999	-0.00392333	
19.580000	0.00446309	
19.600000	0.01053886	
19.619999	0.01430358	
19.639999	0.01395191	
19.660000	0.00982770	
19.680000	0.00087968	
19.699999	-0.00868589	
19.719999	-0.01460965	
19.740000	-0.01588696	
19.760000	-0.01574589	
19.779999	-0.01568814	
19.799999	-0.01563574	
19.820000	-0.01430172	
19.840000	-0.01272719	
19.859999	-0.00808157	
19.879999	-0.00239438	
19.900000	0.00628471	
19.920000	0.01184011	
19.939999	0.01441227	
19.959999	0.01364543	
19.980000	0.00909139	
20.000000	0.00150090	
20.020000	-0.00707835	
20.039999	-0.01187000	
20.059999	-0.01317929	
20.080000	-0.01339379	
20.100000	-0.01410908	
20.119999	-0.01460986	
20.139999	-0.01446672	
20.160000	-0.01382279	
20.180000	-0.01079749	
20.199999	-0.00676134	
20.219999	0.00039044	
20.240000	0.00535637	
20.260000	0.00940201	
20.279999	0.00731328	
20.299999	0.00066970	
20.320000	-0.00683394	
20.340000	-0.01282412	
20.359999	-0.01442216	
20.379999	-0.01602392	
20.400000	-0.01612188	
20.420000	-0.01521665	
20.439999	-0.01418146	
20.459999	-0.01129785	
20.480000	-0.00770825	
20.500000	-0.00041291	
20.520000	0.00535451	
20.539999	0.01036231	
20.559999	0.01161592	
20.580000	0.00876921	
20.600000	0.00101869	
20.619999	-0.00731349	
20.639999	-0.01193993	
20.660000	-0.01286083	
20.680000	-0.01305781	
20.699999	-0.01318052	
20.719999	-0.01309349	
20.740000	-0.01265128	
20.760000	-0.01197849	
20.779999	-0.00918131	
20.799999	-0.00602379	
20.820000	0.00013798	
20.840000	0.00610857	
20.859999	0.01258735	
20.879999	0.01589915	
20.900000	0.01547530	
20.920000	0.00999065	
20.939999	0.00004084	
20.959999	-0.00790913	
20.980000	-0.01259683	
21.000000	-0.01289053	
21.020000	-0.01345155	
21.039999	-0.01353136	
21.059999	-0.01285754	
21.080000	-0.01216102	
21.100000	-0.00961258	
21.119999	-0.00702597	
21.139999	-0.00121421	
21.160000	0.00491479	
21.180000	0.01188631	
21.199999	0.01569867	
21.219999	0.01639313	
21.240000	0.01380774	
21.260000	0.00749211	
21.279999	-0.00153142	
21.299999	-0.00883810	
21.320000	-0.01262860	
21.340000	-0.01337729	
21.359999	-0.01417962	
21.379999	-0.01414372	
21.400000	-0.01358911	
21.420000	-0.01103489	
21.439999	-0.00891854	
21.459999	-0.00454848	
21.480000	-0.00014953	
21.500000	0.00689584	
21.520000	0.01178339	
21.539999	0.01474723	
21.559999	0.01430668	
21.580000	0.00938013	
21.600000	0.00084956	
21.619999	-0.00789058	
21.639999	-0.01207955	
21.660000	-0.01308091	
21.680000	-0.01331191	
21.699999	-0.01336822	
21.719999	-0.01320136	
21.740000	-0.01149544	
21.760000	-0.01003003	
21.779999	-0.00569130	
21.799999	-0.00079633	
21.820000	0.00681746	
21.840000	0.01163118	
21.859999	0.01354107	
21.879999	0.00998878	
21.900000	0.00171417	
21.920000	-0.00601307	
21.939999	-0.01140945	
21.959999	-0.01205356	
21.980000	-0.01283732	
22.000000	-0.01328819	
22.020000	-0.01384899	
